Localidad	Temperatura	ppm	Peso_bollante	Volumen cm	Largo	Ancho 	Alto	Peso_total	Margen_crecimiento	Peso_seco_concha	Pseco_mb	Peso_libre_ceniza	r3	pendiente	extensión_max	carga_max	ph Promedio (25°C)	Salinidad	Temperatura 	Alcalinidad_total (µmol kg-1)	pCO2 (µatm)	Ωcalcita	Ωaragonita
Quintay	10°C	500ppm	-0.0067	-1.732228226	0.050	0.240	0.010	0.288	0.624	0.586	0.0232	0.0039	0.9596	276	0.17547	49	7.99475	32.425	10.75	2341.210252	284.5317768	2.852151616	1.782977997
Quintay	10°C	500ppm	-0.0008	0.946700119	-0.020	0.030	-0.200	0.180	0.570	0.392	0.0182	0.004	0.9384	244	0.36688	86	7.99475	32.425	10.75	2282.585588	277.3394006	2.77785532	1.736532829
Quintay	10°C	500ppm	0.0339	-5.85390066	-0.200	0.630	0.600	0.058	0.558	0.309	0.0165	0.0028	0.9493	734	0.20375	135	8.018375	32.8	10.5	2400.913065	276.1856477	3.06737586	1.919238755
Quintay	15°C	1500ppm	0.0188	-8.45717552	-0.550	0.670	0.340	0.194	0.586	0.456	0.0256	0.0048	0.954	728	0.19968	132	7.746375	31.725	15.5	2277.701648	443.7929771	1.875063228	1.170069126
Quintay	15°C	1500ppm	0.0269	-3.365306974	0.340	0.420	0.310	0.042	0.426	0.377	0.0211	0.0042	0.9919	233	0.21172	44	7.746375	31.725	15.5	2270.273438	442.3423693	1.868753247	1.166131598
Quintay	15°C	1500ppm	0.0555	-2.594715136	-0.030	0.000	0.390	0.163	0.486	0.326	0.0231	0.0041	0.9898	441	0.21047	85	7.84275	32.225	15.4	2326.660171	351.1568631	2.381293275	1.487890545
Quintay	10°C	1500ppm	0.0302	-13.50909916	-2.310	-0.080	0.750	0.116	0.540	0.458	0.0327	0.0052	0.9793	519	0.17016	78	7.651	32.575	10.6	1983.423193	591.424838	1.13813882	0.711748265
Quintay	15°C	1500ppm	0.0169	-0.027367738	0.370	0.300	-0.040	0.089	0.350	0.126	0.0085	0.0028	0.9429	338	0.18515	61	7.84275	32.225	15.4	2327.863037	351.3387897	2.382572572	1.488689882
Quintay	10°C	500ppm	-0.0003	-0.76294464	0.060	0.150	0.000	0.244	0.498	0.461	0.0275	0.0062	0.9046	358	0.42765	142	8.0905	31.75	10.8	2309.64649	217.9546659	3.38230452	2.110752232
Quintay	15°C	1500ppm	-0.0012	-1.730469323	-0.020	0.620	-0.320	0.155	0.634	0.671	0.0327	0.0049	0.9876	470	0.59016	286	7.777375	31.475	16	2336.868346	412.2151713	2.086260747	1.300978001
Quintay	10°C	1500ppm	0.0256	-5.613664954	0.240	0.690	0.440	0.087	0.640	0.443	0.0188	0.0029	0.9669	444	0.21062	81	7.81375	32.925	10.5	2316.039204	455.2422177	1.921871781	1.202850371
Quintay	15°C	1500ppm	-0.0047	-5.131702502	-0.220	0.280	0.550	0.136	0.458	0.272	0.0141	0.0027	0.898	449	0.15797	69	7.777375	31.475	16	2292.987167	404.4643007	2.045749608	1.275715531
Quintay	15°C	1500ppm	0.0167	0.133799461	-0.090	-0.210	0.070	0.049	0.308	0.087	0.0112	0.0064	0.9784	306	0.15718	44	7.70775	32.2	15.3	1888.990896	408.9829015	1.421236802	0.887967852
Quintay	15°C	1500ppm	0.0194	-8.40462381	-0.540	0.100	0.750	0.056	0.616	0.551	0.0268	0.0059	0.9835	343	0.32688	110	7.70775	32.2	15.3	1916.529263	414.9753435	1.44265605	0.901350283
Quintay	15°C	1500ppm	0.0238	-12.37947211	-1.370	0.420	1.130	0.092	0.576	0.323	0.0158	0.0025	0.9837	434	0.20156	78	7.840125	31.625	16	2136.018581	318.4367791	2.184942486	1.363072499
Quintay	15°C	1500ppm	0.0117	-6.507146846	-0.250	0.820	0.450	0.070	0.640	0.317	0.017	0.0025	0.9716	533	0.10953	53	7.840125	31.625	16	2092.066811	311.867913	2.138103564	1.33385212
Quintay	15°C	1500ppm	0.0306	1.766874316	0.170	-0.280	-0.380	0.092	0.516	0.124	0.0051	0.0007	0.9801	362	0.14781	48	7.73025	32.35	15.4	2021.101059	410.4828725	1.612205755	1.007659412
Quintay	15°C	500ppm	0.0089	6.223554355	0.100	0.170	-1.120	0.142	0.424	0.360	0.0143	0.0032	0.9239	410	0.2564	109	8.043625	32	15	2264.615624	202.6174971	3.452765591	2.156137053
Quintay	15°C	500ppm	0.0135	-0.488391455	-0.440	0.230	-0.250	0.062	0.302	0.146	0.0087	0.0011	0.9022	312	0.0925	28	8.019875	32.4	15.23	2358.29767	222.2844107	3.482423185	2.176849055
Quintay	10°C	1500ppm	0.0259	-12.01480892	-1.000	1.070	0.250	0.113	0.432	0.410	0.0301	0.0046	0.9436	455	0.15876	69	7.6595	32.025	10.9	2297.232755	665.964527	1.346773574	0.841069432
Quintay	15°C	500ppm	0.0243	-6.580052371	-0.430	0.290	0.380	0.155	0.696	0.725	0.0264	0.0046	0.9994	609	0.33578	197	8.1435	31.05	15.8	2349.646771	155.4958367	4.403017391	2.742406012
Quintay	15°C	500ppm	-0.003	1.797430954	-0.020	-0.080	-0.270	0.084	0.632	0.465	0.0132	0.0032	0.8415	132	0.54328	80	7.9425	32.375	15.2	2282.672244	265.649682	2.870471542	1.794210209
Quintay	10°C	1500ppm	0.0135	-15.63355057	-3.120	0.620	1.620	0.026	0.422	0.223	0.0106	0.0023	0.9856	445	0.16094	65	7.640625	32.825	10.4	1891.297183	582.2347733	1.057160004	0.661497101
Quintay	15°C	500ppm	0.016	-4.955175219	-0.220	0.010	0.680	0.182	0.464	0.324	0.0164	0.0038	0.9847	207	0.11547	23	8.1435	31.05	15.8	2349.646771	155.4958367	4.403017391	2.742406012
Quintay	15°C	500ppm	-0.0036	-3.72137414	-0.400	1.220	-0.150	-0.001	0.500	0.170	0.0098	0.002	0.8529	287	0.22203	68	7.9425	32.375	15.2	2282.672244	265.649682	2.870471542	1.794210209
Quintay	10°C	500ppm	0.0357	-4.875731042	0.340	0.340	0.640	0.145	0.648	0.498	0.0227	0.0044	0.9192	613	0.18859	107	8.0905	31.75	10.8	2377.678283	224.4554512	3.486575124	2.175823076
Quintay	15°C	500ppm	0.0181	-7.939821082	-0.460	0.600	0.320	0.096	0.716	0.548	0.0293	0.005	0.9931	527	0.28328	138	8.0455	31.825	15.8	1931.834259	166.2580977	2.993171672	1.868282312
Quintay	15°C	500ppm	0.0039	-4.832257826	0.290	0.270	0.690	0.023	0.892	0.488	0.0159	0.0031	0.9298	323	0.59094	235	8.05625	32.85	15.4	2000.759724	168.5671006	3.183660021	1.992227954
Quintay	10°C	1500ppm	-0.004	-7.885775527	0.010	0.770	0.390	0.173	0.702	0.539	0.0254	0.0054	0.9509	225	0.80656	215	7.80025	32.3	10.9	1935.465082	389.0110505	1.553954128	0.971130679
Quintay	10°C	1500ppm	-0.0011	0.025391966	0.140	-0.040	0.100	0.120	0.468	0.366	0.0197	0.0044	0.9787	426	0.12203	48	7.651	32.575	10.6	1961.586601	584.8597216	1.125344904	0.703747441
Quintay	10°C	500ppm	0.0043	-0.805088966	-0.190	0.110	0.220	0.033	0.346	0.066	0.004	0.0009	0.9921	409	0.11329	43	8.0535	32.525	11	2368.609249	243.3554079	3.28546813	2.054358274
Quintay	15°C	500ppm	0.0352	-8.017828813	-0.860	-0.310	1.320	0.122	0.390	0.254	0.0187	0.0026	0.9527	180	0.11391	20	8.12675	32.825	14.7	2302.453653	164.7090106	4.146071769	2.594322945
Quintay	10°C	1500ppm	0.0087	-9.185653427	-3.190	0.400	0.620	0.107	0.490	0.206	0.0067	0.0021	0.9898	416	0.13453	50	7.644875	32.7	10.8	2280.69447	685.9616945	1.30573925	0.816801918
Quintay	15°C	500ppm	0.0286	-4.165651442	1.590	0.190	1.660	-0.083	0.358	0.216	0.0163	0.0027	0.9615	536	0.135	63	8.043625	32	15	2264.615624	202.6174971	3.452765591	2.156137053
Quintay	10°C	500ppm	-0.0015	-0.760154813	-0.040	-0.090	0.150	0.230	0.582	0.594	0.0324	0.007	0.8743	156	0.20515	31	8.0535	32.525	11	2358.300487	242.2844569	3.270531312	2.045018486
Quintay	10°C	500ppm	0.004	-3.36578911	0.220	0.100	0.590	0.107	0.584	0.399	0.0228	0.0038	0.9903	601	0.24516	126	7.982125	32.95	10.4	1931.399445	244.7545975	2.26752194	1.419264925
Quintay	10°C	1500ppm	-0.0014	-2.798194044	-0.070	-0.090	0.380	0.090	0.540	0.533	0.01	0.0014	0.9316	328	0.19547	59	7.65275	32.975	10.8	2287.169168	673.017762	1.340074243	0.838813711
Quintay	10°C	1500ppm	0.0275	-4.859192662	0.150	-0.160	0.830	0.196	0.414	0.409	0.0271	0.0037	0.9887	665	0.09969	65	7.65275	32.975	10.8	2286.169785	672.7217027	1.339477404	0.838440122
Quintay	10°C	500ppm	0.0241	-3.992443181	-0.130	0.480	0.330	0.115	0.350	0.209	0.0171	0.0034	0.9489	185	0.15859	31	7.982125	32.95	10.4	1942.010413	246.1178699	2.280556483	1.427423377
Quintay	15°C	500ppm	0.025	-4.204009515	-0.650	-0.240	0.570	0.079	0.684	0.532	0.0273	0.0049	0.8804	515	0.17125	84	8.1435	31.05	15.8	2374.753605	157.175235	4.452848914	2.773443425
Quintay	10°C	1500ppm	0.0123	-7.549479392	-0.230	-0.320	1.680	0.095	0.612	0.376	0.0215	0.0031	0.9706	793	0.21125	154	7.65275	32.975	10.8	2286.169785	672.7217027	1.339477404	0.838440122
Quintay	10°C	1500ppm	0.0191	-1.851458882	-0.460	0.360	-0.010	0.057	0.392	0.158	0.012	0.0017	0.8467	293	0.27703	81	7.644	32.925	10.9	2286.172588	685.6908819	1.316155017	0.823747747
Quintay	15°C	1500ppm	-0.0005	7.730166129	0.100	-0.450	-0.570	0.190	0.622	0.642	0.0184	0.0029	0.9822	768	0.16063	111	7.73025	32.35	15.4	2008.235912	407.8594569	1.601591903	1.001025551
Quintay	15°C	1500ppm	-0.0004	1.857864775	-0.090	-0.310	-0.100	0.183	0.498	0.319	0.0029	0.0002	0.9729	489	0.18797	83	7.74225	32.85	15.5	2314.494556	452.264378	1.928318278	1.20667708
Quintay	15°C	500ppm	0.0054	-3.835607968	0.230	0.380	0.400	0.205	0.626	0.399	0.0207	0.0044	0.8761	226	0.535	149	8.019875	32.4	15.23	2351.340861	221.6245718	3.471622465	2.170097568
Quintay	15°C	1500ppm	0.02	-7.997918743	-0.620	0.240	0.570	0.076	0.594	0.537	0.026	0.0048	0.9052	240	0.75281	222	7.73575	31.95	15.3	2308.247401	465.3445189	1.85227128	1.156531885
Quintay	15°C	500ppm	0.0244	-4.665940902	0.030	0.780	0.250	0.090	0.504	0.314	0.0174	0.0037	0.9472	581	0.13078	69	8.1435	31.05	15.8	2374.753605	157.175235	4.452848914	2.773443425
Quintay	15°C	500ppm	0.4015	0.250668293	-0.050	0.250	-0.260	0.101	0.578	0.427	0.0122	0.0023	0.9738	265	0.13344	32	7.9425	32.375	15.2	2260.673149	263.0783773	2.841509585	1.776107316
Quintay	15°C	1500ppm	0.0289	-2.441971971	-0.160	0.030	0.320	0.158	0.410	0.286	0.0226	0.005	0.9026	410	0.13	55	7.746375	31.725	15.5	2277.701648	443.7929771	1.875063228	1.170069126
Quintay	15°C	500ppm	-0.002	-3.549788589	0.270	0.500	0.110	0.302	0.676	0.667	0.0323	0.0065	0.9263	204	0.58532	139	8.047666667	32.26666667	15.4	2300.921407	199.7541872	3.597926635	2.248307505
Quintay	15°C	500ppm	0.0193	-5.696159076	-0.140	0.200	0.570	0.085	0.512	0.417	0.0111	0.0034	0.9467	97	0.41562	41	8.010333333	32.73333333	15.1	2312.599614	224.3046257	3.35068556	2.096177357
Quintay	10°C	1500ppm	-0.0023	1.617363425	0.090	-0.040	-0.110	0.183	0.598	0.606	0.0296	0.0061	0.867	267	0.30016	85	7.644875	32.7	10.8	2268.420644	682.2451393	1.298581504	0.812324408
Quintay	10°C	500ppm	0.0392	-3.74017332	0.290	0.250	0.520	0.068	0.422	0.335	0.0217	0.0039	0.9869	298	0.15438	44	8.00975	33.275	10.6	1998.606805	232.9325713	2.515312539	1.575498759
Quintay	15°C	500ppm	0.0187	-7.789100412	-0.200	0.820	0.590	0.092	0.554	0.316	0.0186	0	1	282	1	188.50617	8.0455	31.825	15.8	1900.222425	163.5063926	2.941126283	1.835796544
Quintay	10°C	500ppm	-0.0021	-4.559824602	-0.130	0.450	0.500	0.106	0.342	0.182	0.0108	0.0023	1	332	0	38	8.00975	33.275	10.6	2005.04802	233.6940201	2.523809446	1.580820907
Quintay	15°C	1500ppm	0.027	-4.537161673	-0.120	0.410	0.400	0.105	0.352	0.270	0.0192	0.0037	0.8701	338	0.16813	61	7.7175	32.425	15.1	2288.255155	486.1140403	1.766385524	1.104228297
Quintay	15°C	500ppm	0.023	-1.31259536	-0.540	0.200	-0.080	0.109	0.358	0.160	0.0115	0.0031	0.9942	134	0.14391	19	8.05625	32.85	15.4	2082.967604	175.5766941	3.322750831	2.07926633
Quintay	10°C	1500ppm	0.0009	-0.636815403	-0.040	-0.200	0.250	0.130	0.630	0.550	0.0227	0.004	0.9973	857	0.31141	253	7.65275	32.975	10.8	2287.169168	673.017762	1.340074243	0.838813711
Quintay	10°C	1500ppm	0.1076	9.332846914	2.030	-1.900	1.060	0.227	0.450	0.356	0.0239	0.0046	0.9817	287	0.17938	47	7.651	32.575	10.6	1983.423193	591.424838	1.13813882	0.711748265
Quintay	15°C	500ppm	0.0248	-3.963740901	-0.420	-0.010	0.370	0.121	0.644	0.480	0.0277	0.0054	0.9836	369	0.37734	124	8.12675	32.825	14.7	2343.447901	167.6793955	4.224320939	2.643285825
Quintay	10°C	500ppm	0.0016	-6.339296765	-0.150	0.750	-0.060	0.247	0.656	0.784	0	0	1	293	0	77.64579	8.103375	32.725	10	2345.651721	219.50814	3.491862634	2.18445449
Quintay	10°C	1500ppm	0.0161	-5.808647985	-0.170	0.410	0.290	0.033	0.824	0.655	0.0304	0.0029	0.9673	422	0.36047	157	7.81375	32.925	10.5	2310.505015	454.14716	1.917146955	1.199893223
Quintay	15°C	500ppm	0.0014	2.16696424	0.280	-0.160	-0.060	0.111	0.394	0.160	0.0187	0.004	0.9308	305	0.3189	103	8.043625	32	15	2279.124666	203.9258544	3.476075272	2.170693172
Quintay	15°C	1500ppm	-0.0043	-0.513675531	0.100	0.320	-0.170	0.184	0.560	0.492	0.0276	0.0062	0.9864	544	0.19672	94	7.74225	32.85	15.5	2314.494556	452.264378	1.928318278	1.20667708
Quintay	10°C	1500ppm	0.0205	-5.721630923	-0.430	0.340	0.310	0.160	0.542	0.458	0.0321	0.0068	0.978	708	0.15343	93	7.6595	32.025	10.9	2301.644276	667.2515854	1.349408814	0.842715158
Quintay	15°C	1500ppm	0.0032	-1.269280567	0.060	0.330	-0.090	0.249	0.776	0.608	0.0231	0.0042	0.993	699	0.24359	160	7.746375	31.725	15.5	2277.701648	443.7929771	1.875063228	1.170069126
Quintay	10°C	1500ppm	0.0127	-1.293876355	0.030	-0.370	0.550	0.129	0.624	0.436	0	0	1	427	0	113	7.640625	32.825	10.4	1886.266353	580.6720641	1.054288363	0.659700228
Quintay	15°C	500ppm	0.0121	-7.354452903	-0.030	0.860	0.510	0.104	0.500	0.349	0.009	0.0003	0.9657	204	0.27438	47	8.047666667	32.26666667	15.4	2322.596692	201.6503314	3.633672503	2.270644731
Quintay	15°C	500ppm	0.1989	-0.279097016	0.010	0.450	-0.230	0.151	0.406	0.286	0.0098	0.0027	0.932	270	0.18593	53	8.010333333	32.73333333	15.1	2319.339985	224.9627236	3.360957467	2.102603426
Quintay	10°C	500ppm	-0.0024	-5.957770939	0.090	0.160	1.150	0.086	0.608	0.344	0.0128	0.0023	0.9803	628	0.15984	92	8.03425	32.775	10.8	2316.854763	252.2150603	3.080715667	1.927473107
Quintay	10°C	1500ppm	0.0083	-22.92077582	-3.160	2.480	2.390	0.183	0.590	0.312	0.0201	0.0029	0.93	590	0.24906	140	7.80025	32.3	10.9	1917.993249	385.4695953	1.539471578	0.962079929
Quintay	15°C	1500ppm	0.0118	-5.347837494	-0.120	0.540	0.540	0.103	0.754	0.317	0.014	0.002	0.9341	360	0.43781	168	7.84275	32.225	15.4	2326.660171	351.1568631	2.381293275	1.487890545
Quintay	10°C	500ppm	0.0083	0.171303747	-0.130	-0.250	0.050	0.048	0.282	0.075	0.0045	0.0002	1	261	0	28	8.006666667	33.03333333	10.7	2293.016645	269.2673683	2.88389231	1.805398039
Quintay	10°C	1500ppm	-0.0034	2.626602464	-0.020	-0.060	-0.370	0.140	0.658	0.462	0.0172	0.0034	0.9656	474	0.46234	197	7.651	32.575	10.6	1983.423193	591.424838	1.13813882	0.711748265
Quintay	10°C	500ppm	-0.0023	-2.102590053	-0.100	0.010	0.200	0.391	0.710	0.732	0.0298	0.0073	0.9916	452	0.19468	84	8.006666667	33.03333333	10.7	2317.440282	272.1659999	2.915921179	1.825449015
Quintay	10°C	500ppm	-0.0051	4.833382741	-0.040	-1.540	0.710	0.220	0.604	0.485	0.0244	0.0049	0.9704	229	0.32922	72	7.981833333	32.83333333	10.7	2282.237292	286.6835783	2.718234292	1.700914537
Quintay	10°C	500ppm	0	-6.891633022	0.020	1.210	0.080	0.152	0.434	0.373	0.022	0.0055	0.969	579	0.12156	61	7.99475	32.425	10.75	2341.210252	284.5317768	2.852151616	1.782977997
Quintay	10°C	1500ppm	0.0096	-10.31613222	0.520	1.320	0.890	0.169	0.498	0.421	0.0172	0.0033	0.9896	410	0.30797	121	7.644875	32.7	10.8	2280.69447	685.9616945	1.30573925	0.816801918
Quintay	15°C	500ppm	0.0009	-1.091160676	0.170	0.510	0.010	0.021	0.392	0.164	0.01	0.0014	0.9749	313	0.2361	76	8.019875	32.4	15.23	2358.29767	222.2844107	3.482423185	2.176849055
Quintay	15°C	1500ppm	0.0093	-1.4660799	0.080	1.200	-0.400	0.060	0.334	0.099	0.0049	0.001	0.96	564	0.1725	89	7.777375	31.475	16	2336.868346	412.2151713	2.086260747	1.300978001
Quintay	15°C	500ppm	0.0158	-3.235837824	0.300	0.480	0.230	-0.037	0.730	0.471	0.0314	0.0062	0.7032	96	0.465	50	8.1435	31.05	15.8	2349.646771	155.4958367	4.403017391	2.742406012
Quintay	15°C	500ppm	0.1211	-9.265644466	-0.920	0.340	1.030	0.289	0.426	0.263	0.0136	0.0036	0.9079	453	0.13672	60	7.9425	32.375	15.2	2282.672244	265.649682	2.870471542	1.794210209
Quintay	15°C	500ppm	0.0106	-1.217444819	0.480	1.130	-0.260	0.076	0.422	0.143	0.0086	0.0016	0.992	390	0.18093	63	8.0455	31.825	15.8	1931.834259	166.2580977	2.993171672	1.868282312
Quintay	10°C	500ppm	-0.001	-0.207509873	0.070	0.520	-0.330	0.035	0.548	0.288	0.0098	0.002	0.9664	325	0.20406	68	7.99475	32.425	10.75	2282.585588	277.3394006	2.77785532	1.736532829
Quintay	10°C	500ppm	0.0012	3.706244238	-0.010	-0.270	-0.220	0.126	0.468	0.544	0	0	1	494	0	70.57807	8.018375	32.8	10.5	2400.913065	276.1856477	3.06737586	1.919238755
Quintay	10°C	500ppm	0.0152	-7.895098103	-0.550	0.210	0.710	0.215	0.562	0.459	0.0049	0.0012	0.8181	265	0.42469	114	8.018375	32.8	10.5	2390.886986	275.0205135	3.054040667	1.910895004
Quintay	15°C	1500ppm	0.0379	-5.286915507	-0.430	0.160	0.390	0.138	0.466	0.372	0.0217	0.0041	0.9721	569	0.20297	110	7.70775	32.2	15.3	1888.990896	408.9829015	1.421236802	0.887967852
Quintay	10°C	1500ppm	0.01	-1.556211716	-0.430	0.590	-0.270	0.109	0.324	0.168	0	0	1	433	0	45	7.644	32.925	10.9	2282.682961	684.6371818	1.314108192	0.822466692
Quintay	15°C	1500ppm	0.0111	-4.192928915	0.230	0.450	0.410	0.120	0.688	0.438	0.0167	0.0016	0.983	363	0.24203	90	7.840125	31.625	16	2136.018581	318.4367791	2.184942486	1.363072499
Quintay	10°C	500ppm	0.0125	-3.07230654	0.330	0.080	0.570	0.057	0.470	0.363	0.0192	0.0045	0.9389	558	0.14016	72	8.0905	31.75	10.8	2309.64649	217.9546659	3.38230452	2.110752232
Quintay	10°C	1500ppm	0.0223	-7.098899356	-0.400	0.390	0.460	0.197	0.636	0.512	0	0	1	669	0.19219	125	7.644875	32.7	10.8	2280.69447	685.9616945	1.30573925	0.816801918
Quintay	10°C	1500ppm	0.0301	-2.509580777	-0.480	1.110	-0.470	0.069	0.446	0.217	0.0108	0.0011	0.911	275	0.4175	121	7.65275	32.975	10.8	2286.169785	672.7217027	1.339477404	0.838440122
Quintay	15°C	1500ppm	0.0167	-8.617529877	0.060	1.250	0.610	0.066	0.366	0.224	0.0189	0.0035	0.7807	231	0.1286	32	7.73025	32.35	15.4	2021.101059	410.4828725	1.612205755	1.007659412
Quintay	15°C	1500ppm	0.0194	-1.249219275	0.130	1.050	-0.260	0.079	0.358	0.115	0	0	1	440	0.06953	28.90177	7.74225	32.85	15.5	2305.865588	450.5741568	1.920895309	1.202032034
Quintay	10°C	500ppm	0.0282	-5.955141796	0.000	0.440	0.750	0.103	0.332	0.239	0	0	1	150	0	11	8.0905	31.75	10.8	2377.678283	224.4554512	3.486575124	2.175823076
Quintay	10°C	500ppm	0.0261	-7.433992704	-0.520	0.180	0.520	0.163	0.702	0.656	0	0	1	369	0	47	8.0535	32.525	11	2368.609249	243.3554079	3.28546813	2.054358274
Quintay	15°C	1500ppm	0.0158	-3.452350621	-0.100	0.200	0.440	0.157	0.506	0.265	0.0119	0.0024	0.9945	607	0.11453	61	7.73575	31.95	15.3	-16195.94178	-3253.141184	-13.53849449	-8.453243719
Quintay	15°C	1500ppm	0.041	1.2257304	0.070	-0.530	0.000	0.041	0.356	0.097	0	0	1	428	0.14375	55	7.74225	32.85	15.5	2314.494556	452.264378	1.928318278	1.20667708
Quintay	10°C	500ppm	0.0189	-1.228654201	0.520	0.320	0.180	0.063	0.656	0.478	0	0	1	209	0	35	7.982125	32.95	10.4	1931.399445	244.7545975	2.26752194	1.419264925
Quintay	10°C	500ppm	0.0078	-0.68292287	-0.070	0.400	-0.150	0.024	0.418	0.187	0	0	1	335	0	73	8.00975	33.275	10.6	1998.606805	232.9325713	2.515312539	1.575498759
Chiloé	10°C	500ppm	0.0082	1.371221086	0.110	0.080	0.310	0.016	0.240	0.127	0.0133	0.0011	0.98271	159	0.18578	33	7.937	30.87	11.19	2146.492518	430.7197137	2.670750188	1.686996778
Chiloé	10°C	500ppm	0.0065	1.772668997	0.400	0.210	0.020	0.001	0.322	0.224	0.023	0.0016	1	391	0	59	7.937	30.87	11.19	3607.929733	727.2231326	4.555709065	2.877643348
Chiloé	10°C	500ppm	0.0029	-0.024570081	0.040	-0.280	0.170	0.007	0.418	0.092	0.0063	0.0009	0.81257	468	0.16391	76	7.937	30.87	11.19	2440.439834	490.4181459	3.049521555	1.926250182
Chiloé	10°C	500ppm	-0.00105	0.768002803	0.070	0.530	0.030	0.022	0.312	0.061	0.0042	0.0004	0.97631	525	0.12859	72	7.937	30.87	11.19	3423.130557	689.7620974	4.317165812	2.726965946
Chiloé	10°C	500ppm	0.0033	1.16414671	0.230	0.340	0.170	0.005	0.284	0.078	0.0087	0.0012	0.91314	177	0.16891	33	7.937	30.87	11.19	3979.821549	802.5931038	5.035857696	3.180932362
Chiloé	10°C	500ppm	0.0061	0.803372768	0.220	0.280	0.080	0.006	0.292	0.067	0.0063	0.0006	0.94746	694	0.11922	79	7.937	30.87	11.19	2405.764693	483.3781102	3.004827156	1.898018673
Chiloé	10°C	500ppm	-0.0093	1.277701545	0.030	0.370	0.070	0.014	0.278	0.126	0.0132	0.0015	1	293	0	39	7.937	30.87	11.19	4155.348465	838.1598067	5.262520189	3.324105205
Chiloé	10°C	500ppm	-0.0258	2.326853291	0.060	0.150	0.570	0.002	0.372	0.156	0.0193	0.0011	0.98904	237	0.19188	49	7.937	30.87	11.19	3019.735276	607.9644367	3.796599736	2.398146988
Chiloé	10°C	500ppm	0.0025	0.130236147	0.000	0.040	0.020	0.007	0.250	0.092	0.0093	0.0007	0.84394	397	0.09891	38	7.937	30.87	11.19	2969.165676	597.7074997	3.731358216	2.356936757
Chiloé	10°C	500ppm	0.0043	1.724878616	0.060	0.320	0.690	0.004	0.186	0.069	0.0049	0	0.93258	390	0.10656	41	7.937	30.87	11.19	3607.929733	727.2231326	4.555709065	2.877643348
Chiloé	10°C	500ppm	0.0022	2.067275269	0.130	0.210	1.010	-0.003	0.352	0.074	0.0056	0.001	0.84536	288	0.18172	52	7.937	30.87	11.19	2440.439834	490.4181459	3.049521555	1.926250182
Chiloé	10°C	500ppm	0.0033	2.206855051	0.350	0.460	1.120	0.006	0.198	0.044	0.0039	0.0007	0.98869	497	0.11625	57	7.937	30.87	11.19	3423.130557	689.7620974	4.317165812	2.726965946
Chiloé	10°C	500ppm	0.003	2.272969133	0.130	0.300	0.840	0.007	0.464	0.103	0.0106	0.0014	0.95483	258	0.25969	65	7.937	30.87	11.19	2486.665072	499.8023547	3.109108282	1.963888527
Chiloé	10°C	500ppm	0.0034	0.970954066	0.050	0.120	0.280	0.005	0.244	0.078	0.0074	0.0008	0.72175	235	0.13375	38	7.937	30.87	11.19	3979.821549	802.5931038	5.035857696	3.180932362
Chiloé	10°C	500ppm	-0.0032	-4.551482878	0.000	0.450	-1.740	0.000	0.296	0.135	0.0109	0.0014	0.75957	248	0.20641	54	7.937	30.87	11.19	2405.764693	483.3781102	3.004827156	1.898018673
Chiloé	10°C	500ppm	0.0037	0.847088602	0.030	-0.180	0.360	-0.010	0.390	0.202	0.0213	0.002	0.93999	589	0.12563	74	7.937	30.87	11.19	4155.348465	838.1598067	5.262520189	3.324105205
Chiloé	10°C	500ppm	0.0002	2.126242459	0.390	0.630	0.150	0.008	0.398	0.117	0.0113	0.0008	0.90361	407	0.22312	92	7.937	30.87	11.19	3019.735276	607.9644367	3.796599736	2.398146988
Chiloé	10°C	500ppm	0.0035	2.679868712	0.100	0.390	0.800	0.006	0.242	0.090	0.0124	0.0016	0.93065	434	0.12891	62	7.937	30.87	11.19	2969.165676	597.7074997	3.731358216	2.356936757
Chiloé	10°C	500ppm	0.0012	2.172250116	0.250	1.260	0.480	0.002	0.218	0.042	0.0047	0.0005	0.7454	209	0.1086	25	7.937	30.87	11.19	2146.492518	430.7197137	2.670750188	1.686996778
Chiloé	10°C	500ppm	0.0062	3.025291027	0.130	0.290	1.080	0.013	0.254	0.074	0.0116	0.0014	0.98113	137	0.09828	14	7.937	30.87	11.19	3607.929733	727.2231326	4.555709065	2.877643348
Chiloé	10°C	500ppm	0.0034	2.461204011	0.000	0.910	0.590	0.021	0.222	0.066	0.0068	0.0007	0.90595	412	0.10531	43	7.937	30.87	11.19	2440.439834	490.4181459	3.049521555	1.926250182
Chiloé	10°C	500ppm	0.014	1.494855027	0.060	0.290	0.230	0.010	0.318	0.121	0.0162	0.0009	0.95664	461	0.16125	79	7.937	30.87	11.19	3423.130557	689.7620974	4.317165812	2.726965946
Chiloé	10°C	500ppm	0.0049	2.280151946	0.100	0.170	0.550	0.015	0.384	0.145	0.0145	0.0014	0.98527	379	0.09656	39	7.937	30.87	11.19	2486.665072	499.8023547	3.109108282	1.963888527
Chiloé	10°C	500ppm	0.0023	2.049535776	0.060	0.630	0.030	0.290	0.416	0.190	0.0232	0.0022	0.81957	347	0.22844	76	7.937	30.87	11.19	3979.821549	802.5931038	5.035857696	3.180932362
Chiloé	10°C	500ppm	0.0023	3.074712283	0.230	1.090	0.720	0.004	0.288	0.100	0.0086	0.0008	0.94018	511	0.15765	80	7.937	30.87	11.19	2405.764693	483.3781102	3.004827156	1.898018673
Chiloé	10°C	500ppm	0.0237	2.954584507	0.100	0.940	0.930	0.053	0.384	0.079	0.0049	1E-04	0.88209	214	0.1975	42	7.937	30.87	11.19	4155.348465	838.1598067	5.262520189	3.324105205
Chiloé	10°C	500ppm	0.0043	1.867058737	0.050	0.370	0.670	0.009	0.298	0.063	0.0052	0.0008	0.94648	315	0.07734	26	7.937	30.87	11.19	3019.735276	607.9644367	3.796599736	2.398146988
Chiloé	10°C	500ppm	0.0034	2.557396613	0.120	0.740	0.530	-0.001	0.212	0.079	0.0093	0.001	0.93551	508	0.12156	57	7.937	30.87	11.19	2969.165676	597.7074997	3.731358216	2.356936757
Chiloé	10°C	500ppm	0.0059	1.402420335	0.110	0.560	0.290	0.009	0.258	0.073	0.0081	0.0005	0.90842	270	0.16265	43	7.937	30.87	11.19	2146.492518	430.7197137	2.670750188	1.686996778
Chiloé	10°C	1500ppm	-0.0066	0.812099456	-0.170	0.200	0.170	0.005	0.354	0.170	0.0189	0.002	0.79995	251	0.16828	43	7.604	30.90	10.03	2982.290596	1397.41339	1.754625971	1.106147685
Chiloé	10°C	1500ppm	0.0023	1.047499227	0.170	0.570	-0.250	0.007	0.280	0.138	0.014	0.0012	0.96442	242	0.13781	38	7.604	30.90	10.03	2869.607721	1344.157813	1.687762441	1.063995717
Chiloé	10°C	1500ppm	0.0047	1.234155648	0.060	0.020	0.370	0.011	0.268	0.118	0.0122	0.0012	0.90305	261	0.09703	26	7.604	30.90	10.03	3385.263655	1587.864546	1.993741048	1.256890119
Chiloé	10°C	1500ppm	0.0019	4.003489952	0.160	1.150	0.690	0.006	0.252	0.096	0.0109	0.0011	1	285	0	28	7.604	30.90	10.03	3280.806517	1538.496499	1.931758582	1.217815261
Chiloé	10°C	1500ppm	-0.0038	1.267669831	0.110	0.310	0.510	-0.008	0.248	0.056	0.0053	0.0009	1	402	0	49	7.604	30.90	10.03	3465.620488	1625.84243	2.041422933	1.286949635
Chiloé	10°C	1500ppm	0.0044	2.302814707	0.090	0.870	0.140	0.014	0.222	0.088	0.009	0.0007	0.92369	67	0.19484	15	7.604	30.90	10.03	3383.237446	1586.906928	1.992538742	1.256132164
Chiloé	10°C	1500ppm	0.004	-0.426653654	0.050	-0.360	0.120	0.006	0.186	0.116	0.0167	0.0018	0.75161	258	0.26344	73	7.604	30.90	10.03	3872.070298	1817.937027	2.282600691	1.43899242
Chiloé	10°C	1500ppm	0.0031	0.021707532	0.110	-0.150	0.060	0.001	0.292	0.184	0.0221	0.0017	0.98065	174	0.1789	29	7.604	30.90	10.03	4132.504503	1941.022434	2.437136112	1.536414321
Chiloé	10°C	1500ppm	-0.0004	2.918696359	0.110	0.360	0.660	0.006	0.326	0.136	0.0092	0.0005	0.95324	293	0.12781	37	7.604	30.90	10.03	2982.290596	1397.41339	1.754625971	1.106147685
Chiloé	10°C	1500ppm	0.0024	2.85965766	0.120	0.890	0.470	0.010	0.236	0.086	0.0083	0.0003	0.72627	244	0.14969	40	7.604	30.90	10.03	2869.607721	1344.157813	1.687762441	1.063995717
Chiloé	10°C	1500ppm	0.0008	0.950853921	0.030	0.190	0.670	0.002	0.190	0.032	0.0024	0	1	388	0	28	7.604	30.90	10.03	3385.263655	1587.864546	1.993741048	1.256890119
Chiloé	10°C	1500ppm	0.0019	2.083332224	0.070	0.170	0.880	0.005	0.266	0.078	0.0073	0.0007	0.97575	454	0.10781	50	7.604	30.90	10.03	3280.806517	1538.496499	1.931758582	1.217815261
Chiloé	10°C	1500ppm	0.0052	1.53359978	0.130	0.260	0.430	0.010	0.254	0.078	0.0082	0.0001	0.99098	254	0.1439	35	7.604	30.90	10.03	3465.620488	1625.84243	2.041422933	1.286949635
Chiloé	10°C	1500ppm	0.0001	5.796302342	0.020	1.200	0.760	0.016	0.390	0.176	0.0152	0.0016	0.88059	395	0.16187	63	7.604	30.90	10.03	3712.996815	1742.756365	2.188210256	1.379486996
Chiloé	10°C	1500ppm	0.0002	1.907395596	0.010	0.220	0.470	-0.013	0.380	0.136	0.0137	0.0013	0.63042	241	0.22609	58	7.604	30.90	10.03	3787.194436	1777.823339	2.23223737	1.407242479
Chiloé	10°C	1500ppm	0.0027	1.694788122	0.000	0.210	0.500	-0.003	0.270	0.100	0.0083	0.0011	1	234	0	25	7.604	30.90	10.03	3872.070298	1817.937027	2.282600691	1.43899242
Chiloé	10°C	1500ppm	0.0021	2.668266329	0.030	1.250	0.540	0.001	0.456	0.092	0.0051	0.0003	0.90689	346	0.17875	57	7.604	30.90	10.03	4132.504503	1941.022434	2.437136112	1.536414321
Chiloé	10°C	1500ppm	0.0017	1.487292902	0.150	0.450	0.380	0.000	0.262	0.065	0.0058	0.0001	0.99303	364	0.13078	50	7.604	30.90	10.03	2982.290596	1397.41339	1.754625971	1.106147685
Chiloé	10°C	1500ppm	0.0008	3.090173894	0.080	0.860	0.590	0.003	0.396	0.111	0.0076	0.0006	0.9784	361	0.16219	56	7.604	30.90	10.03	3385.263655	1587.864546	1.993741048	1.256890119
Chiloé	10°C	1500ppm	0.001	1.406200477	0.030	0.230	0.540	0.001	0.294	0.073	0.0062	0.0012	0.84101	346	0.10578	37	7.604	30.90	10.03	3280.806517	1538.496499	1.931758582	1.217815261
Chiloé	10°C	1500ppm	0.0002	0.452143588	0.010	0.020	0.140	0.002	0.380	0.132	0.0129	0.001	0.68118	402	0.20125	81	7.604	30.90	10.03	3465.620488	1625.84243	2.041422933	1.286949635
Chiloé	10°C	1500ppm	0.0049	1.30900567	0.100	0.150	0.190	-0.276	0.370	0.178	0.01	0.0016	0.93939	500	0.14797	72	7.604	30.90	10.03	3383.237446	1586.906928	1.992538742	1.256132164
Chiloé	10°C	1500ppm	0.002	1.69695648	0.050	0.260	0.630	0.005	0.326	0.083	0.0078	0.0004	0.87214	317	0.17047	60	7.604	30.90	10.03	3712.996815	1742.756365	2.188210256	1.379486996
Chiloé	10°C	1500ppm	0.0052	0.49811905	0.030	0.160	0.190	-0.002	0.294	0.059	0.0056	0.0005	0.95528	458	0.06859	34	7.604	30.90	10.03	3787.194436	1777.823339	2.23223737	1.407242479
Chiloé	10°C	1500ppm	0.0035	1.243506317	0.090	0.260	0.340	0.012	0.268	0.079	0.0087	0.001	0.88264	195	0.11859	25	7.604	30.90	10.03	3872.070298	1817.937027	2.282600691	1.43899242
Chiloé	10°C	1500ppm	0.0029	1.266067635	0.090	0.320	0.450	0.003	0.278	0.066	0.0064	0.0008	0.96297	275	0.12047	33	7.604	30.90	10.03	4132.504503	1941.022434	2.437136112	1.536414321
Chiloé	10°C	1500ppm	0.0033	1.201840359	0.100	0.670	0.020	0.003	0.480	0.097	0.0076	0.0011	0.58507	209	0.32422	80	7.604	30.90	10.03	2982.290596	1397.41339	1.754625971	1.106147685
Chiloé	10°C	1500ppm	0.008	5.635435244	0.140	1.170	0.960	0.012	0.268	0.120	0.0147	0.0017	0.94246	384	0.13141	50	7.604	30.90	10.03	2869.607721	1344.157813	1.687762441	1.063995717
Chiloé	15°C	500ppm	0.0017	2.08999162	0.130	0.170	0.350	0.001	0.326	0.172	0.0216	0.0029	0.6876	379	0.21828	86	8.014	30.13	15.03	2260.820847	437.8785403	3.308399864	2.10111236
Chiloé	15°C	500ppm	0.0083	2.364813379	0.050	0.060	0.820	0.011	0.380	0.142	0.0121	0.0017	0.9763	510	0.11172	57	8.014	30.13	15.03	2438.824051	472.9693665	3.577635581	2.2720997
Chiloé	15°C	500ppm	0.0032	2.530494098	0.040	0.320	0.790	0.011	0.288	0.096	0.0086	0.001	0.89168	405	0.10515	42	8.014	30.13	15.03	2325.760319	450.6816644	3.406614482	2.163486908
Chiloé	15°C	500ppm	0.0052	2.266430648	0.300	0.130	0.750	0.012	0.236	0.069	0.0053	0	0.98363	289	0.12203	35	8.014	30.13	15.03	2484.218188	481.9165796	3.646306838	2.315711727
Chiloé	15°C	500ppm	0.0059	4.980566097	0.460	1.190	1.180	0.021	0.256	0.089	0.0059	0.0008	0.74696	657	0.08094	53	8.014	30.13	15.03	2573.594423	499.5309716	3.781525203	2.401586769
Chiloé	15°C	500ppm	0.0069	2.479275883	0.070	0.360	0.750	0.014	0.252	0.080	0.0082	0.0007	0.81267	435	0.12562	53	8.014	30.13	15.03	2672.875014	519.0948396	3.931745291	2.496989168
Chiloé	15°C	500ppm	0.0054	1.629197122	0.160	0.440	0.220	0.021	0.332	0.115	0.007	0.0007	0.89217	228	0.20281	44	8.014	30.13	15.03	3204.047457	623.7294803	4.735707439	3.007572797
Chiloé	15°C	500ppm	0.0075	0.449092262	-1.060	0.790	0.180	0.009	0.338	0.060	0.0039	-0.0003	0.96064	343	0.13062	44	8.014	30.13	15.03	3083.630982	600.0134982	4.553417424	2.891803295
Chiloé	15°C	500ppm	0.0117	3.844333567	0.400	0.490	0.630	0.028	0.290	0.123	0.0126	0.0015	0.96861	321	0.14922	47	8.014	30.13	15.03	3268.260634	636.3753007	4.832921821	3.069312111
Chiloé	15°C	500ppm	0.0434	4.548880697	0.360	0.770	0.560	0.025	0.324	0.149	0.0118	0.0019	0.69111	315	0.2089	71	8.014	30.13	15.03	3288.941442	640.4479427	4.864232082	3.089196762
Chiloé	15°C	500ppm	0.0038	2.605948214	0.040	0.210	0.640	0.006	0.408	0.171	0.0139	0.0017	0.87276	889	0.14625	118	8.014	30.13	15.03	2260.820847	437.8785403	3.308399864	2.10111236
Chiloé	15°C	500ppm	0.0056	4.043132326	0.260	0.930	0.880	0.018	0.292	0.098	0.0125	0.0012	0.96561	283	0.14297	40	8.014	30.13	15.03	2438.824051	472.9693665	3.577635581	2.2720997
Chiloé	15°C	500ppm	0.0057	2.291533818	0.140	1.000	0.230	0.014	0.408	0.089	0.0072	0.0008	0.91814	385	0.30562	117	8.014	30.13	15.03	2325.760319	450.6816644	3.406614482	2.163486908
Chiloé	15°C	500ppm	0.0069	3.294464345	0.820	0.750	1.020	0.016	0.242	0.058	0.0054	0.0008	0.94258	312	0.1489	49	8.014	30.13	15.03	2484.218188	481.9165796	3.646306838	2.315711727
Chiloé	15°C	500ppm	0.0037	2.531769524	0.030	0.130	1.290	0.001	0.366	0.075	0.0066	0.001	0.86258	300	0.24203	68	8.014	30.13	15.03	2573.594423	499.5309716	3.781525203	2.401586769
Chiloé	15°C	500ppm	0.0082	2.658863913	-0.400	0.590	0.960	0.020	0.260	0.073	0.0059	0.0004	0.95821	210	0.09734	21	8.014	30.13	15.03	2672.875014	519.0948396	3.931745291	2.496989168
Chiloé	15°C	500ppm	0.0056	5.374974882	0.110	0.980	0.640	0.024	0.360	0.171	0.0195	0.0021	0.97968	631	0.16	94	8.014	30.13	15.03	3204.047457	623.7294803	4.735707439	3.007572797
Chiloé	15°C	500ppm	0.002	5.405494509	0.340	1.120	0.850	0.013	0.372	0.134	0.0141	0.0021	1	418	0	60	8.014	30.13	15.03	3083.630982	600.0134982	4.553417424	2.891803295
Chiloé	15°C	500ppm	0.0081	4.498108111	0.220	1.250	0.690	0.017	0.312	0.114	0.0121	0.0009	0.91989	351	0.18797	61	8.014	30.13	15.03	3268.260634	636.3753007	4.832921821	3.069312111
Chiloé	15°C	500ppm	0.0022	3.730143197	0.690	0.450	1.450	0.019	0.244	0.065	0.0074	0.0007	0.98163	255	0.07078	19	8.014	30.13	15.03	3288.941442	640.4479427	4.864232082	3.089196762
Chiloé	15°C	500ppm	0.0031	4.553285112	0.100	1.290	1.170	0.009	0.398	0.094	0.0073	0.0004	0.86894	245	0.25046	66	8.014	30.13	15.03	2438.824051	472.9693665	3.577635581	2.2720997
Chiloé	15°C	500ppm	0.0033	2.297439446	0.280	0.430	0.570	0.014	0.258	0.076	0.0051	0.0006	0.81859	287	0.14078	39	8.014	30.13	15.03	2325.760319	450.6816644	3.406614482	2.163486908
Chiloé	15°C	500ppm	0.0061	3.053750731	0.390	0.620	0.840	0.021	0.418	0.145	0.0072	0.0007	0.9269	490	0.1775	85	8.014	30.13	15.03	2484.218188	481.9165796	3.646306838	2.315711727
Chiloé	15°C	500ppm	-0.008	3.596540928	0.130	0.870	0.550	0.009	0.306	0.089	0.0116	0.0015	0.94964	414	0.12844	54	8.014	30.13	15.03	2573.594423	499.5309716	3.781525203	2.401586769
Chiloé	15°C	500ppm	0.0064	2.913266629	0.050	0.190	0.860	0.018	0.324	0.110	0.0093	0.0012	0.91129	551	0.14656	81	8.014	30.13	15.03	2672.875014	519.0948396	3.931745291	2.496989168
Chiloé	15°C	500ppm	0.0056	0.688146072	-0.010	0.270	0.050	0.009	0.410	0.135	0.012	0.0018	0.97279	668	0.13078	88	8.014	30.13	15.03	3204.047457	623.7294803	4.735707439	3.007572797
Chiloé	15°C	500ppm	0.0041	1.907062337	0.260	0.150	0.710	0.009	0.308	0.077	0.0044	0.0008	0.89586	268	0.14437	42	8.014	30.13	15.03	3083.630982	600.0134982	4.553417424	2.891803295
Chiloé	15°C	500ppm	0.0006	1.452657363	0.810	0.380	0.350	0.001	0.278	0.044	0.0026	0.0004	0.88201	306	0.12937	40	8.014	30.13	15.03	3268.260634	636.3753007	4.832921821	3.069312111
Chiloé	15°C	500ppm	0.0048	3.99646192	0.530	0.910	0.770	0.010	0.296	0.095	0.0087	0.0009	0.87718	331	0.17656	58	8.014	30.13	15.03	3288.941442	640.4479427	4.864232082	3.089196762
Chiloé	15°C	500ppm	0.0072	4.884823017	0.710	0.850	1.490	0.028	0.230	0.073	0.0071	0.0003	0.93074	434	0.11907	50	8.014	30.13	15.03	2260.820847	437.8785403	3.308399864	2.10111236
Chiloé	15°C	500ppm	0.0039	1.832044388	0.130	0.140	0.670	0.008	0.330	0.089	0.006	0.001	0.69899	252	0.23625	58	8.014	30.13	15.03	2438.824051	472.9693665	3.577635581	2.2720997
Chiloé	15°C	1500ppm	0.0072	-0.833987935	0.040	-0.510	0.120	0.014	0.426	0.159	0.0161	0.0012	0.63676	410	0.22187	89	7.695	30.16	15.18	4126.394917	1886.042824	3.066171597	1.948116109
Chiloé	15°C	1500ppm	0.0087	2.262917951	0.260	0.190	0.530	0.020	0.226	0.100	0.0122	0.0013	0.84613	211	0.20922	46	7.695	30.16	15.18	4374.816335	2000.341556	3.252223656	2.06632574
Chiloé	15°C	1500ppm	0.0079	1.498385727	0.300	0.330	0.170	0.023	0.354	0.135	0.0119	0.0014	0.79004	466	0.19515	79	7.695	30.16	15.18	4002.10703	1828.857552	2.973088399	1.888974971
Chiloé	15°C	1500ppm	0.0071	1.262606811	0.420	0.200	0.320	0.010	0.270	0.076	0.0011	0.0022	0.99077	330	0.12235	42	7.695	30.16	15.18	4116.221156	1881.361853	3.058552123	1.943275017
Chiloé	15°C	1500ppm	0.0072	1.756361428	0.310	0.130	0.700	0.022	0.264	0.070	0.008	0.0009	0.96027	86	0.12657	12	7.695	30.16	15.18	4095.858592	1871.992985	3.04330192	1.933585681
Chiloé	15°C	1500ppm	0.0041	3.128212942	0.610	0.890	0.970	0.025	0.230	0.052	0.0069	-0.0001	1	341	0	37	7.695	30.16	15.18	4427.555383	2024.606675	3.291722093	2.091421381
Chiloé	15°C	1500ppm	0.0055	2.232266192	0.110	0.330	0.590	0.012	0.302	0.107	0.009	0.0014	0.98556	214	0.1261	28	7.695	30.16	15.18	4821.032258	2205.643314	3.586414978	2.278656811
Chiloé	15°C	1500ppm	0.0084	3.975512552	0.440	0.220	1.470	0.019	0.270	0.090	0.0104	0.0013	0.93131	381	0.12313	47	7.695	30.16	15.18	4798.404023	2195.232235	3.569467571	2.267889143
Chiloé	15°C	1500ppm	0.0066	1.690907417	0.070	0.360	0.250	0.015	0.382	0.158	0.0157	0.0019	1	495	0	67	7.695	30.16	15.18	5131.688443	2348.573294	3.819081711	2.42648344
Chiloé	15°C	1500ppm	0.0046	0.661032465	0.320	0.040	0.030	-0.001	0.482	0.130	0.0068	0.0018	0.88616	284	0.27515	68	7.695	30.16	15.18	4126.394917	1886.042824	3.066171597	1.948116109
Chiloé	15°C	1500ppm	0.0046	1.389316529	0.130	0.350	0.550	0.003	0.266	0.071	0.0048	-1E-04	0.90841	452	0.13282	62	7.695	30.16	15.18	4374.816335	2000.341556	3.252223656	2.06632574
Chiloé	15°C	1500ppm	0.0062	3.625242286	0.360	0.770	1.020	0.011	0.252	0.084	0.0092	0.0017	0.96763	288	0.11454	33	7.695	30.16	15.18	4116.221156	1881.361853	3.058552123	1.943275017
Chiloé	15°C	1500ppm	0.0094	2.235709014	0.490	0.370	0.370	0.026	0.276	0.101	0.0107	0.0014	0.85303	290	0.17484	50	7.695	30.16	15.18	4095.858592	1871.992985	3.04330192	1.933585681
Chiloé	15°C	1500ppm	0.0064	1.444502197	0.440	0.730	0.190	0.013	0.210	0.051	0.0032	0.0011	0.99539	409	0.07219	30	7.695	30.16	15.18	4427.555383	2024.606675	3.291722093	2.091421381
Chiloé	15°C	1500ppm	0.0085	3.41134557	0.280	0.320	1.030	0.021	0.294	0.108	0.0122	0.0008	0.89342	442	0.13141	57	7.695	30.16	15.18	4821.032258	2205.643314	3.586414978	2.278656811
Chiloé	15°C	1500ppm	0.0066	2.393143548	0.080	0.460	0.520	0.008	0.384	0.132	0.0125	0.0023	0.81562	351	0.19484	67	7.695	30.16	15.18	4798.404023	2195.232235	3.569467571	2.267889143
Chiloé	15°C	1500ppm	0.002	2.325438156	0.040	0.170	0.720	0.013	0.426	0.153	0.0091	0.0012	0.85217	354	0.26062	91	7.695	30.16	15.18	5050.318683	2311.135933	3.758139468	2.387763309
Chiloé	15°C	1500ppm	0.01	2.368657242	0.180	0.580	0.530	0.016	0.430	0.103	0.0094	0.002	0.82489	269	0.1939	55	7.695	30.16	15.18	5131.688443	2348.573294	3.819081711	2.42648344
Chiloé	15°C	1500ppm	-0.0087	1.091391613	0.410	0.470	0.220	-0.037	0.300	0.046	0.0043	0.001	0.90339	693	0.12281	80	7.695	30.16	15.18	4126.394917	1886.042824	3.066171597	1.948116109
Chiloé	15°C	1500ppm	0.01	1.531882912	0.310	0.140	0.490	0.011	0.312	0.080	0.0064	0.0009	0.92542	101	0.09578	10	7.695	30.16	15.18	4374.816335	2000.341556	3.252223656	2.06632574
Chiloé	15°C	1500ppm	-0.0199	1.347217419	0.170	0.400	0.610	-0.051	0.260	0.044	0.0029	0.0006	0.82716	385	0.11703	44	7.695	30.16	15.18	4002.10703	1828.857552	2.973088399	1.888974971
Chiloé	15°C	1500ppm	0.018	1.993541077	0.170	0.830	0.340	0.008	0.298	0.067	0.0039	-0.0004	0.82379	433	0.10672	45	7.695	30.16	15.18	4116.221156	1881.361853	3.058552123	1.943275017
Chiloé	15°C	1500ppm	0.0083	-6.050823558	0.090	-2.964	0.350	0.018	0.330	0.133	0.0125	0.0022	0.96046	270	0.15125	44	7.695	30.16	15.18	4095.858592	1871.992985	3.04330192	1.933585681
Chiloé	15°C	1500ppm	0.0124	0.935900194	0.140	0.120	0.120	0.030	0.370	0.163	0.0145	0.0017	0.97421	365	0.20266	74	7.695	30.16	15.18	4427.555383	2024.606675	3.291722093	2.091421381
Chiloé	15°C	1500ppm	-0.0015	2.005344672	0.280	0.220	0.440	0.006	0.306	0.104	0.008	0.0007	0.77952	213	0.19094	41	7.695	30.16	15.18	4821.032258	2205.643314	3.586414978	2.278656811
Chiloé	15°C	1500ppm	0.004	2.00864678	0.270	1.040	0.400	0.012	0.248	0.043	0.0038	0.0021	0.58394	193	0.19375	41	7.695	30.16	15.18	4798.404023	2195.232235	3.569467571	2.267889143
Chiloé	15°C	1500ppm	0.0015	1.125345354	0.220	0.150	0.350	0.006	0.396	0.090	0.006	0.0011	0.9523	245	0.18391	46	7.695	30.16	15.18	5050.318683	2311.135933	3.758139468	2.387763309
Chiloé	15°C	1500ppm	0.0044	1.575305679	0.100	0.320	0.440	0.017	0.314	0.083	0.0082	0.0015	0.8977	434	0.1	43	7.695	30.16	15.18	5131.688443	2348.573294	3.819081711	2.42648344
Chiloé	15°C	1500ppm	0.0158	2.648279684	0.320	0.690	0.460	0.036	0.262	0.086	0.0102	0.0011	0.97621	281	0.09562	28	7.695	30.16	15.18	4126.394917	1886.042824	3.066171597	1.948116109
Chiloé	15°C	1500ppm	0.0039	2.123287007	0.080	0.490	0.850	0.008	0.340	0.064	0.0035	0.0008	0.94794	333	0.08126	31	7.695	30.16	15.18	4374.816335	2000.341556	3.252223656	2.06632574
Talcaruca	10°C	500ppm	-0.0092	21.61030363	0.210	2.530	1.290	0.021	0.382	0.249	0.017	0.002	0.67012	361	0.31063	109	7.968810547	34.43	10.47	995.0677606	167.338182	1.333619653	0.848142917
Talcaruca	10°C	500ppm	0	21.13582374	0.100	1.940	0.720	0.038	0.366	0.183	0.0153	0.0025	0.91356	257.5194	0.15297	37.495	7.968810547	34.43	10.47	388.5528431	59.43410262	0.45806213	0.291314057
Talcaruca	10°C	500ppm	0.0052	11.14897205	0.020	0.860	0.340	-0.008	0.326	0.182	0.0104	0.0008	0.74114	101	0.41875	46	7.968810547	34.43	10.47	501.8666814	79.78488662	0.620266886	0.394471516
Talcaruca	10°C	500ppm	-0.0506	12.30433942	-0.020	0.780	0.290	-0.143	0.332	0.191	0.0091	0.0007	0.86476	299	0.22032	61	7.968810547	34.43	10.47	525.5217167	84.01806615	0.654236104	0.41607494
Talcaruca	10°C	1500ppm	0.0016	9.52394023	0.290	1.200	0.400	0.043	0.302	0.154	0.0116	0.0022	0.85051	309	0.21641	64	7.634	34.68	10.26	1688.989987	705.9431551	1.143399729	0.727194859
Talcaruca	10°C	1500ppm	0.031	13.96979973	0.200	1.580	0.340	0.045	0.336	0.157	0.0064	0.0009	0.7809	245	0.26157	68	7.634	34.68	10.26	1927.966104	807.447778	1.308795002	0.832385186
Talcaruca	10°C	1500ppm	0.07647	9.35613935	0.850	0.870	-0.460	-0.018	0.338	0.171	0.0032	0.0004	0.71962	316	0.18422	58	7.634	34.68	10.26	1603.979618	669.8298196	1.084572663	0.689781224
Talcaruca	15°C	500ppm	0.0066	17.99464985	0.910	1.940	0.240	0.066	0.372	0.209	0.0175	0.0024	0.97407	402	0.11265	48	8.058	34.07	15.36	1677.64118	276.8280525	2.810691957	1.803656867
Talcaruca	15°C	500ppm	0.0041	10.73618347	0.030	1.030	0.640	0.057	0.444	0.211	0.0154	0.0024	0.81607	202	0.32563	75	8.058	34.07	15.36	914.5206331	146.0712469	1.463879671	0.939390251
Talcaruca	15°C	500ppm	0.0106	12.27797051	0.280	1.220	0.240	0.043	0.304	0.199	0.0149	0.0016	0.81784	483	0.18297	87	8.058	34.07	15.36	1585.988789	261.1580164	2.648630946	1.69966025
Talcaruca	15°C	500ppm	0.0043	15.66280693	0.190	1.560	0.220	0.028	0.350	0.179	0.0121	0.0012	0.82292	313	0.25266	75	8.058	34.07	15.36	859.7883048	136.6570337	1.367605703	0.877610018
Talcaruca	15°C	1500ppm	0.0451	10.74757458	0.410	0.580	1.430	0.042	0.334	0.164	0.0123	0.0014	0.85104	251	0.14422	38	7.703692434	34.07	15.70	3070.409017	1343.435565	2.511533639	1.61290713
Talcaruca	15°C	1500ppm	0.0054	8.991092018	0.120	1.190	0.330	0.028	0.306	0.152	0.0123	0.0021	0.76169	204	0.22485	48	7.703692434	34.07	15.70	1935.382701	841.6376283	1.570682324	1.008692331
Talcaruca	15°C	1500ppm	0.0051	10.59312833	0.070	1.110	0.900	0.037	0.366	0.186	0.0119	0.0017	0.84447	439	0.16219	70	7.703692434	34.07	15.70	1908.285711	829.6551373	1.54822612	0.994270955
Talcaruca	15°C	1500ppm	0.0195	16.29793056	0.200	0.390	0.560	0.032	0.384	0.252	0.0227	0.003	0.90415	302	0.10562	31	7.703692434	34.07	15.70	1990.846735	866.1636533	1.616648328	1.038211703
Talcaruca	10°C	500ppm	0.0032	0	0.100	0.080	5.040	8.027	0.388	0.144	0.0088	0.0011	0.90915	299	0.17125	50	7.968810547	34.43	10.47	1184.127683	200.6405865	1.608969792	1.023257516
Talcaruca	10°C	500ppm	0.0033	0	-0.060	1.000	4.580	0.054	0.312	0.085	0.0068	0.0013	0.76157	331	0.20531	65	7.968810547	34.43	10.47	537.4033184	86.14258507	0.67131087	0.42693399
Talcaruca	10°C	500ppm	0.0036	0	0.220	0.020	4.350	0.010	0.270	0.088	0.0083	0.0012	0.89766	228	0.18625	44	7.968810547	34.43	10.47	666.3064815	109.1249938	0.857031177	0.545046649
Talcaruca	10°C	500ppm	0.0501	0	0.190	0.150	4.660	0.140	0.312	0.107	0.0089	0.0014	0.93277	289	0.15453	43	7.968810547	34.43	10.47	715.3002164	117.8324214	0.927820305	0.590066455
Talcaruca	10°C	1500ppm	0.0062	0	0.060	1.030	4.640	0.003	0.348	0.106	0.0074	0.0017	0.94175	323	0.08703	29	7.634	34.68	10.26	2592.054689	1089.437623	1.768539484	1.124779714
Talcaruca	10°C	1500ppm	0.0028	0	0.210	0.110	5.580	0.035	0.324	0.127	0.0096	0.001	0.91208	259	0.12531	33	7.634	34.68	10.26	1642.305228	686.1113503	1.111093308	0.706648183
Talcaruca	10°C	1500ppm	0.0024	0	0.170	0.010	4.350	0.007	0.292	0.108	0.0074	0.0005	0.85615	216	0.17141	38	7.634	34.68	10.26	931.9374047	384.1756143	0.619781409	0.394176981
Talcaruca	10°C	1500ppm	0.0039	0	0.020	1.260	4.640	0.018	0.288	0.095	0.0067	0.001	0.94656	165	0.16563	30	7.634	34.68	10.26	905.5875775	372.9665264	0.601571942	0.382595878
Talcaruca	15°C	500ppm	0.004	0	0.420	0.260	5.220	0.003	0.304	0.092	0.0076	0.0003	0.82079	265	0.18609	48	8.058	34.07	15.36	1881.236381	311.6161928	3.170881689	2.034795211
Talcaruca	15°C	500ppm	0.0085	0	0.610	1.750	5.340	0.048	0.266	0.130	0.0083	0.0012	0.66322	319	0.1939	63	8.058	34.07	15.36	914.1134451	146.0012348	1.463163198	0.93893048
Talcaruca	15°C	500ppm	0.0025	0	0.330	0.320	3.870	0.006	0.300	0.087	0.0051	0.0005	0.88054	362	0.11406	42	8.058	34.07	15.36	1738.847817	287.2892405	2.918949606	1.873127181
Talcaruca	15°C	500ppm	0.0037	0	0.250	0.280	5.540	0.039	0.296	0.125	0.0081	0.0012	0.85515	280	0.15938	44	8.058	34.07	15.36	1069.966363	172.7734194	1.737620528	1.115053249
Talcaruca	15°C	1500ppm	0.005	0	0.260	-0.370	5.250	0.017	0.294	0.118	0.0077	0.0014	0.91064	420	0.10906	46	7.703692434	34.07	15.70	1940.222847	843.7779569	1.574693555	1.011268344
Talcaruca	15°C	1500ppm	0.0053	0	0.210	0.590	4.250	0.040	0.282	0.094	0.0074	0.0011	0.82161	229	0.19625	45	7.703692434	34.07	15.70	1864.335312	810.2195246	1.511803679	0.97088046
Talcaruca	15°C	1500ppm	0.0026	0	0.160	1.290	5.040	-0.006	0.318	0.122	0.0085	0.0015	0.85163	327	0.11969	40	7.703692434	34.07	15.70	3401.36437	1489.724173	2.785920753	1.78911856
Talcaruca	15°C	1500ppm	0.0045	0	0.350	1.030	4.720	0.032	0.288	0.108	0.0072	0.001	0.9398	309	0.09594	30	7.703692434	34.07	15.70	2164.375808	942.8930678	1.760469479	1.130573659
Talcaruca	10°C	500ppm	0.0033	-8.782779871	0.070	0.600	0.520	0.029	0.328	0.078	0.0039	0.0006	0.89459	253	0.13828	36	7.968810547	34.43	10.47	1286.834129	218.6950197	1.75882845	1.118563219
Talcaruca	10°C	500ppm	0.0038	-6.775183459	0.040	1.420	0.430	0.070	0.366	0.088	0.0059	0.0006	0.86534	350	0.13437	45	7.968810547	34.43	15.36	752.3393666	151.7159994	1.005657293	0.645758912
Talcaruca	10°C	500ppm	0.0022	-10.21629139	0.140	1.540	1.180	0.023	0.300	0.076	0.0052	0.0007	0.83133	90	0.13219	12	7.968810547	34.43	10.47	995.0677606	167.338182	1.333619653	0.848142917
Talcaruca	10°C	500ppm	0.0016	5.077919527	1.770	4.920	1.900	0.007	0.266	0.088	0.0046	0.0008	0.94046	195	0.10672	21	7.968810547	34.43	10.47	388.5528431	59.43410262	0.45806213	0.291314057
Talcaruca	10°C	1500ppm	0.0045	-9.934782469	0.090	0.840	0.370	0.035	0.234	0.074	0.0058	0.0012	0.9559	335	0.15485	52	7.634	34.68	10.26	2458.839346	1032.877908	1.676303919	1.066118489
Talcaruca	10°C	1500ppm	0.0018	-12.5356964	0.050	0.510	0.130	0.000	0.298	0.062	0.0056	0.0008	0.88398	206	0.15875	31	7.634	34.68	10.26	1688.989987	705.9431551	1.143399729	0.727194859
Talcaruca	10°C	1500ppm	0.0013	-11.39621575	0.060	0.530	0.010	0.026	0.310	0.072	0.0055	0.0012	1	226	0	27	7.634	34.68	10.26	1927.966104	807.447778	1.308795002	0.832385186
Talcaruca	10°C	1500ppm	0.0056	-12.22613865	0.360	0.430	0.420	0.023	0.264	0.086	0.0055	0.0006	0.80048	203	0.15485	32	7.634	34.68	10.26	1603.979618	669.8298196	1.084572663	0.689781224
Talcaruca	15°C	500ppm	0.0051	-13.22864438	0.270	0.150	0.940	0.060	0.302	0.068	0.0066	0.0003	0.98456	309	0.13234	44	8.058	34.07	15.36	1157.805072	187.8427748	1.892477759	1.214427108
Talcaruca	15°C	500ppm	0.0099	-11.89561263	0.110	0.650	0.040	0.024	0.308	0.082	0.0066	0.0001	0.78174	349	0.14906	51	8.058	34.07	15.36	1677.64118	276.8280525	2.810691957	1.803656867
Talcaruca	15°C	500ppm	0.0091	-14.22174655	0.060	1.190	0.100	0.005	0.286	0.077	0.0059	0.0002	0.90728	390	0.07968	31	8.058	34.07	15.36	914.5206331	146.0712469	1.463879671	0.939390251
Talcaruca	15°C	1500ppm	0.0047	-10.10232145	0.190	1.480	0.490	0.010	0.316	0.097	0.0058	0.0012	0.87949	480	0.10188	48	7.703692434	34.07	15.70	2211.275553	963.629664	1.799342019	1.155537608
Talcaruca	15°C	1500ppm	0.0204	-10.53917099	0.170	0.130	0.390	0.019	0.304	0.144	-0.002	0.0022	0.97142	60	0.13844	9	7.703692434	34.07	15.70	2273.192792	991.005568	1.850662861	1.188495857
Talcaruca	15°C	1500ppm	0.0103	-11.0058672	0.650	0.110	0.090	-0.007	0.304	0.124	0.0068	0.0006	0.80131	516	0.18078	91	7.703692434	34.07	15.70	3070.409017	1343.435565	2.511533639	1.61290713
Talcaruca	15°C	1500ppm	0.0274	-10.45171859	0.070	0.170	0.240	0.058	0.296	0.114	0.0097	0.001	0.9646	442	0.0775	38	7.703692434	34.07	15.70	1935.382701	841.6376283	1.570682324	1.008692331
Talcaruca	10°C	500ppm	0.0018	-18.13848073	0.010	0.320	0.090	0.028	0.304	0.055	0.004	0.0007	0.82367	223	0.17656	40	7.968810547	34.43	10.47	501.8666814	79.78488662	0.620266886	0.394471516
Talcaruca	10°C	500ppm	0.0024	-19.17301554	-0.520	1.180	0.060	0.032	0.270	0.047	0.0034	0.0007	0.87925	231	0.12219	28	7.968810547	34.43	10.47	525.5217167	84.01806615	0.654236104	0.41607494
Talcaruca	10°C	500ppm	0.0011	-18.36054164	0.620	0.560	-0.030	0.020	0.326	0.056	0.004	0.0008	0.94507	348	0.08719	31	7.968810547	34.43	10.47	1184.127683	200.6405865	1.608969792	1.023257516
Talcaruca	10°C	500ppm	0.0025	-17.1430111	0.090	0.370	0.140	0.039	0.312	0.076	0.0057	0.0005	0.95672	278	0.13812	39	7.968810547	34.43	10.47	537.4033184	86.14258507	0.67131087	0.42693399
Talcaruca	10°C	1500ppm	0.0023	-18.35024181	0.400	0.140	0.020	0.029	0.260	0.072	0.0051	0.001	0.68693	208	0.16562	36	7.634	34.68	10.26	2592.054689	1089.437623	1.768539484	1.124779714
Talcaruca	10°C	1500ppm	0.0107	-16.93691727	0.120	0.990	0.400	0.033	0.296	0.081	0.0068	0.0012	0.93073	427	0.07578	36	7.634	34.68	10.26	1642.305228	686.1113503	1.111093308	0.706648183
Talcaruca	10°C	1500ppm	0.0136	-15.80834737	0.510	0.590	0.980	0.023	0.250	0.062	0	0	0	19	0.25265	8.106	7.634	34.68	10.26	931.9374047	384.1756143	0.619781409	0.394176981
Talcaruca	10°C	1500ppm	0.0105	-20.80990283	0.360	0.900	-0.180	0.017	0.302	0.058	0.0045	0.0002	0.98457	388	0.11235	47	7.634	34.68	10.26	905.5875775	372.9665264	0.601571942	0.382595878
Talcaruca	15°C	500ppm	0.0043	-21.18576235	0.460	0.680	0.300	0.014	0.300	0.052	0.0051	0.0001	0.96674	201	0.12501	26	8.058	34.07	15.36	1585.988789	261.1580164	2.648630946	1.69966025
Talcaruca	15°C	500ppm	0.0101	-23.20266092	0.030	0.360	0.120	0.014	0.234	0.035	0.0042	0.0002	1	395	0.08437	37	8.058	34.07	15.36	1881.236381	311.6161928	3.170881689	2.034795211
Talcaruca	15°C	500ppm	0.0055	-23.62360063	0.050	0.350	0.570	0.022	0.292	0.053	0.0041	0.0014	0.90803	282	0.11609	35	8.058	34.07	15.36	914.1134451	146.0012348	1.463163198	0.93893048
Talcaruca	15°C	1500ppm	0.0042	-23.09482716	0.930	1.070	0.220	0.014	0.260	0.042	0.0003	0.0002	0.86197	193	0.11125	22	7.703692434	34.07	15.70	1908.285711	829.6551373	1.54822612	0.994270955
Talcaruca	15°C	1500ppm	0.0065	-24.61707163	0.120	1.240	-0.340	0.001	0.274	0.041	0.0022	0.0011	-1.4357	48	0.14813	10	7.703692434	34.07	15.70	1990.846735	866.1636533	1.616648328	1.038211703
Talcaruca	15°C	1500ppm	0.0023	-25.0446503	0.290	0.260	0.280	0.008	0.210	0.031	0.003	-0.0004	0.95268	390	0.08094	33	7.703692434	34.07	15.70	1940.222847	843.7779569	1.574693555	1.011268344
Talcaruca	15°C	1500ppm	0.0038	-25.58170553	0.220	-0.080	0.680	0.006	0.290	0.034	0.003	0.0008	0.94648	231	0.08765	21	7.703692434	34.07	15.70	1864.335312	810.2195246	1.511803679	0.97088046
Talcaruca	10°C	500ppm	0.0037	-6.139352735	0.250	0.660	0.090	0.039	0.320	0.207	0.0112	0.0021	0.74237	443	0.21687	92	7.968810547	34.43	10.47	666.3064815	109.1249938	0.857031177	0.545046649
Talcaruca	10°C	500ppm	-0.0246	-2.251733991	0.030	0.240	0.480	0.052	0.372	0.262	0.0135	0.0015	0.84881	223	0.23094	50	7.968810547	34.43	10.47	715.3002164	117.8324214	0.927820305	0.590066455
Talcaruca	10°C	500ppm	0.0042	-7.892400701	-1.550	0.260	-0.120	0.048	0.374	0.296	0.017	0.0017	0.82297	326	0.24281	79	7.968810547	34.43	10.47	1286.834129	218.6950197	1.75882845	1.118563219
Talcaruca	10°C	500ppm	0.005	-1.946841364	0.610	0.820	0.040	0.041	0.328	0.264	0.0163	0.0031	0.72232	267	0.24781	66	7.968810547	34.43	15.36	752.3393666	151.7159994	1.005657293	0.645758912
Talcaruca	10°C	1500ppm	0.0049	-6.561302318	0.210	1.650	0.090	0.029	0.286	0.179	0.0147	0.002	0.80027	248	0.1186	31	7.634	34.68	10.26	2458.839346	1032.877908	1.676303919	1.066118489
Talcaruca	10°C	1500ppm	0.0235	2.798729695	2.050	1.900	0.300	0.061	0.302	0.236	0.0162	0.0034	0.84885	325	0.16937	53	7.634	34.68	10.26	1688.989987	705.9431551	1.143399729	0.727194859
Talcaruca	10°C	1500ppm	0.0061	-3.548424288	0.100	0.170	0.380	-0.010	0.362	0.221	0.0148	0.0023	0.73909	211	0.27969	63	7.634	34.68	10.26	1927.966104	807.447778	1.308795002	0.832385186
Talcaruca	10°C	1500ppm	0.0034	-8.210806665	0.530	0.770	1.210	0.026	0.306	0.207	0.0117	0.0025	0.87827	282	0.19781	56	7.634	34.68	10.26	1603.979618	669.8298196	1.084572663	0.689781224
Talcaruca	15°C	500ppm	0.019	-6.112680788	0.590	0.520	0.150	0.043	0.374	0.268	0.0126	0.0011	0.92417	162	0.16484	28	8.058	34.07	15.36	1738.847817	287.2892405	2.918949606	1.873127181
Talcaruca	15°C	500ppm	-0.0353	-6.331430454	0.210	0.070	0.280	0.032	0.348	0.219	0.0153	0.0025	0.97214	625	0.14906	95	8.058	34.07	15.36	1069.966363	172.7734194	1.737620528	1.115053249
Talcaruca	15°C	500ppm	0.031	-2.546145583	2.610	0.220	1.580	0.049	0.392	0.241	0.0189	0.0027	0.8093	395	0.18282	72	8.058	34.07	15.36	1152.715223	186.9699094	1.883501512	1.208666936
Talcaruca	15°C	1500ppm	0.0132	-6.642331952	0.260	-0.190	1.500	0.362	0.390	0.223	0.015	0.0029	0.94951	326	0.16375	52	7.703692434	34.07	15.70	3401.36437	1489.724173	2.785920753	1.78911856
Talcaruca	15°C	1500ppm	-0.0373	-8.141574053	0.190	0.350	0.930	0.009	0.310	0.214	0.0167	0.0028	0.96113	562	0.17203	95	7.703692434	34.07	15.70	2211.275553	963.629664	1.799342019	1.155537608
Talcaruca	15°C	1500ppm	0.027	-2.83595442	0.130	1.810	1.190	-0.032	0.356	0.256	0.0204	0.0038	0.89997	485	0.13109	74	7.703692434	34.07	15.70	2273.192792	991.005568	1.850662861	1.188495857
Talcaruca	10°C	500ppm	-0.0013	-21.01469623	0.110	0.390	0.350	-0.004	0.306	0.109	0.0071	0.0008	0.9499	502	0.13141	65	7.968810547	34.43	10.47	995.0677606	167.338182	1.333619653	0.848142917
Talcaruca	10°C	500ppm	0.0049	-18.76688018	0.060	0.540	0.370	0.031	0.326	0.137	0.0076	0.0005	0.98865	331	0.13985	49	7.968810547	34.43	10.47	388.5528431	59.43410262	0.45806213	0.291314057
Talcaruca	10°C	500ppm	0.0058	-23.12670129	0.060	1.360	-0.340	0.013	0.354	0.114	0.0066	0.0015	0.70338	207	0.31547	64	7.968810547	34.43	10.47	501.8666814	79.78488662	0.620266886	0.394471516
Talcaruca	10°C	500ppm	0.0047	-25.20405727	-0.040	-0.010	0.850	0.012	0.296	0.087	0.0053	0.0014	0.97591	226	0.15125	37	7.968810547	34.43	10.47	525.5217167	84.01806615	0.654236104	0.41607494
Talcaruca	10°C	1500ppm	0.0115	-23.78895094	0.180	0.170	0.100	0.029	0.284	0.105	0.008	0.0014	0.87807	226	0.13656	31	7.634	34.68	10.26	2592.054689	1089.437623	1.768539484	1.124779714
Talcaruca	10°C	1500ppm	0.0088	-15.37354417	0.250	1.120	1.710	0.072	0.330	0.138	0.0105	0.002	0.98226	432	0.10219	46	7.634	34.68	10.26	1642.305228	686.1113503	1.111093308	0.706648183
Talcaruca	10°C	1500ppm	0.0092	-23.43809105	0.320	1.570	0.080	0.012	0.264	0.113	0.0084	0.0018	0.95215	291	0.11515	38	7.634	34.68	10.26	931.9374047	384.1756143	0.619781409	0.394176981
Talcaruca	10°C	1500ppm	0.0237	-22.30875189	0.870	2.230	0.300	0.034	0.278	0.127	0.0097	0.0017	0.85291	194	0.15453	30	7.634	34.68	10.26	905.5875775	372.9665264	0.601571942	0.382595878
Talcaruca	15°C	500ppm	0.0255	-25.71755064	0.290	0.870	0.160	0.046	0.276	0.096	0.0097	0.0015	0.85281	215	0.15219	35	8.058	34.07	15.36	1677.64118	276.8280525	2.810691957	1.803656867
Talcaruca	15°C	500ppm	0.0207	-26.28331008	0.280	0.880	0.160	0.049	0.334	0.103	0.0074	0.0004	0.925	355	0.08375	33	8.058	34.07	15.36	914.5206331	146.0712469	1.463879671	0.939390251
Talcaruca	15°C	500ppm	0.016	-24.69946044	0.170	0.340	0.210	0.024	0.336	0.118	0.0104	0.0016	0.96116	384	0.12812	49	8.058	34.07	15.36	1585.988789	261.1580164	2.648630946	1.69966025
Talcaruca	15°C	500ppm	0.0092	-27.65080322	0.060	1.000	0.130	-0.051	0.348	0.097	0.0071	0.0008	0.96873	322	0.09797	31	8.058	34.07	15.36	859.7883048	136.6570337	1.367605703	0.877610018
Talcaruca	15°C	1500ppm	0.0191	-27.9224459	0.080	0.940	-0.040	0.011	0.268	0.101	0.0044	0.0007	0.85846	291	0.15266	45	7.703692434	34.07	15.70	3070.409017	1343.435565	2.511533639	1.61290713
Talcaruca	15°C	1500ppm	0.0095	-24.7863159	0.130	0.250	0.270	0.041	0.314	0.110	-0.0021	0.0011	0.99763	246	0.09859	25	7.703692434	34.07	15.70	1935.382701	841.6376283	1.570682324	1.008692331
Talcaruca	15°C	1500ppm	0.0162	-25.23392133	0.260	1.050	0.020	0.010	0.292	0.125	0.0093	0.0015	0.96609	246	0.11813	30	7.703692434	34.07	15.70	1908.285711	829.6551373	1.54822612	0.994270955
Talcaruca	15°C	1500ppm	0.0106	-23.62905194	0.210	1.840	0.590	0.037	0.302	0.127	0.0094	0.0014	0.98624	214	0.1225	26	7.703692434	34.07	15.70	1990.846735	866.1636533	1.616648328	1.038211703
Talcaruca	10°C	500ppm	0.0035	-31.22278316	0.100	0.550	0.050	0.011	0.316	0.087	0.0063	0.0008	0.54853	345	0.19234	67	7.968810547	34.43	10.47	1184.127683	200.6405865	1.608969792	1.023257516
Talcaruca	10°C	500ppm	0.0019	-32.31011016	-0.010	0.500	0.040	0.018	0.356	0.091	0.0046	0.001	0.72978	353	0.15063	51	7.968810547	34.43	10.47	537.4033184	86.14258507	0.67131087	0.42693399
Talcaruca	10°C	500ppm	0.0025	-31.60633804	-0.010	0.070	0.610	0.006	0.274	0.063	0.0047	0.0008	0.90384	187	0.13625	28	7.968810547	34.43	10.47	666.3064815	109.1249938	0.857031177	0.545046649
Talcaruca	10°C	500ppm	0.0044	-31.84728223	0.100	0.260	0.080	-0.003	0.288	0.090	0.0064	-0.0001	0.80882	356	0.20203	72	7.968810547	34.43	10.47	715.3002164	117.8324214	0.927820305	0.590066455
Talcaruca	10°C	1500ppm	0.0093	-28.7892746	0.100	0.210	0.500	0.017	0.264	0.108	0.0068	0.0008	0.95004	214	0.18797	43	7.634	34.68	10.26	2458.839346	1032.877908	1.676303919	1.066118489
Talcaruca	10°C	1500ppm	0.0038	-33.51381265	-0.050	0.030	0.660	0.026	0.272	0.065	0.0039	0.0011	0.83765	313	0.12203	40	7.634	34.68	10.26	1688.989987	705.9431551	1.143399729	0.727194859
Talcaruca	10°C	1500ppm	0.004	-30.96043123	0.120	0.680	0.280	0.003	0.226	0.071	0.0054	0.0008	0.9258	233	0.09469	21	7.634	34.68	10.26	1927.966104	807.447778	1.308795002	0.832385186
Talcaruca	10°C	1500ppm	0.0023	-31.30304812	0.160	1.200	0.780	0.013	0.258	0.082	0.0046	0.0011	0.9559	225	0.09406	22	7.634	34.68	10.26	1603.979618	669.8298196	1.084572663	0.689781224
Talcaruca	15°C	500ppm	0.0158	-31.02138729	0.280	0.520	0.580	0.021	0.294	0.076	0.0075	0.0011	0.90108	267	0.135	36	8.058	34.07	15.36	1881.236381	311.6161928	3.170881689	2.034795211
Talcaruca	15°C	500ppm	0.0243	-25.90578216	0.400	0.050	1.200	0.057	0.272	0.141	0.0132	0.0012	0.81627	458	0.13063	59	8.058	34.07	15.36	914.1134451	146.0012348	1.463163198	0.93893048
Talcaruca	15°C	500ppm	0.0197	-28.98661039	0.060	0.150	0.120	0.006	0.372	0.146	0.009	0.0008	0.97722	305	0.13312	43	8.058	34.07	15.36	1738.847817	287.2892405	2.918949606	1.873127181
Talcaruca	15°C	500ppm	0.0413	-21.6655614	1.570	0.350	1.040	0.067	0.344	0.161	0.0162	0.0014	0.96253	271	0.12359	38	8.058	34.07	15.36	1069.966363	172.7734194	1.737620528	1.115053249
Talcaruca	15°C	1500ppm	0.0184	-29.04599268	0.040	0.270	0.340	0.048	0.308	0.143	0.0102	0.0017	0.65618	207	0.24704	56	7.703692434	34.07	15.70	1940.222847	843.7779569	1.574693555	1.011268344
Talcaruca	15°C	1500ppm	0.0051	-25.5542267	1.280	0.900	-0.410	0.011	0.392	0.189	0.0119	0.0025	0.95847	296	0.19813	61	7.703692434	34.07	15.70	1864.335312	810.2195246	1.511803679	0.97088046
Talcaruca	15°C	1500ppm	0.0324	-22.64777405	0.340	0.400	-0.010	0.029	0.280	0.101	0.0158	0.0017	0.83945	202	0.14	29	7.703692434	34.07	15.70	3401.36437	1489.724173	2.785920753	1.78911856
Talcaruca	15°C	1500ppm	0.0221	-23.53471584	0.070	1.080	0.270	0.029	0.298	0.151	0.0159	0.0022	1	390	0	62	7.703692434	34.07	15.70	2164.375808	942.8930678	1.760469479	1.130573659
Talcaruca	10°C	500ppm	0.0024	-37.21594727	0.310	0.150	0.820	0.021	0.276	0.061	0.0054	0.0006	1	431	0	43	7.968810547	34.43	10.47	1286.834129	218.6950197	1.75882845	1.118563219
Talcaruca	10°C	500ppm	0.0019	-37.51266619	0.420	1.270	0.660	0.002	0.290	0.058	0.0038	0.0016	0.83591	266	0.16859	47	7.968810547	34.43	15.36	752.3393666	151.7159994	1.005657293	0.645758912
Talcaruca	10°C	1500ppm	0	-40.1594165	0.060	1.510	0.070	-0.004	0.252	0.054	0.0046	0.0009	0.98485	335.4843	0.08376	28.338	7.634	34.68	10.26	2592.054689	1089.437623	1.768539484	1.124779714
Talcaruca	10°C	1500ppm	0.0078	-38.06000418	0.230	0.540	1.570	0.014	0.392	0.076	0.0051	0.0006	0.93179	96	0.18875	22	7.634	34.68	10.26	1642.305228	686.1113503	1.111093308	0.706648183
Talcaruca	10°C	1500ppm	0.004	-41.05189278	0.480	0.320	3.080	0.010	0.232	0.057	0.003	0.0011	0.90162	221	0.155	35	7.634	34.68	10.26	931.9374047	384.1756143	0.619781409	0.394176981
Talcaruca	15°C	500ppm	0.0143	-40.54929923	0.450	0.430	1.130	-0.002	0.310	0.057	0.0046	-0.0004	0.9625	209	0.11047	23	8.058	34.07	15.36	1157.805072	187.8427748	1.892477759	1.214427108
Talcaruca	15°C	500ppm	0.0083	-42.9239044	0.120	-0.010	0.240	0.028	0.336	0.052	0.0049	0.0004	0.89755	113	0.08344	10	8.058	34.07	15.36	1152.715223	186.9699094	1.883501512	1.208666936
Talcaruca	15°C	500ppm	0.0127	-41.15682529	0.300	-0.270	0.250	0.019	0.280	0.059	0.0048	0.0002	0.83326	237	0.1239	31	8.058	34.07	15.36	1677.64118	276.8280525	2.810691957	1.803656867
Talcaruca	15°C	500ppm	0.0121	-40.55082105	0.310	1.150	0.510	-0.004	0.302	0.065	0.0066	0.0009	0.87442	379	0.0564	25	8.058	34.07	15.36	914.5206331	146.0712469	1.463879671	0.939390251
Talcaruca	15°C	1500ppm	0.0052	-42.57731979	0.320	1.110	-0.070	0.012	0.308	0.058	0.0044	0.0005	0.92785	323	0.08969	29	7.703692434	34.07	15.70	2211.275553	963.629664	1.799342019	1.155537608
Talcaruca	15°C	1500ppm	0.0093	-42.30440943	0.160	0.650	-0.850	0.008	0.272	0.060	0.0049	0.0013	0.95944	375.2816	0.09235	33.5655	7.703692434	34.07	15.70	2273.192792	991.005568	1.850662861	1.188495857
Talcaruca	15°C	1500ppm	0.0119	-44.51171473	0.080	0.640	0.560	0.022	0.300	0.049	0.0035	0.0006	0.99708	399.5087	0.07485	30.5018	7.703692434	34.07	15.70	3070.409017	1343.435565	2.511533639	1.61290713
Talcaruca	15°C	1500ppm	0.008	-46.09539987	0.460	0.390	0.630	0.012	0.258	0.027	0.0024	0.0012	0.84543	199.1012	0.07657	17.0862	7.703692434	34.07	15.70	1935.382701	841.6376283	1.570682324	1.008692331
