Localidad	Temperatura_meso	ppm	Largo	Ancho 	Alto	Peso_total	Margen_crecimiento	Rigidez	Peso_seco_concha	nano_indentacion	Modulo_elastico	Estres_max	Presion_max
Quintay	10°C	500ppm	0.050	0.240	0.010	0.288	0.624	275.930	0.586	1483	201.099	11.923	0.061
Quintay	10°C	500ppm	-0.020	0.030	-0.200	0.180	0.570	244.440	0.392	0.392	145.822	10.054	0.070
Quintay	10°C	500ppm	-0.200	0.630	0.600	0.058	0.558	733.950	0.309	0.309	313.203	90.082	0.298
Quintay	15°C	1500ppm	-0.550	0.670	0.340	0.194	0.586	727.940	0.456	0.456	58.503	5.409	0.083
Quintay	15°C	1500ppm	-0.030	0.000	0.390	0.163	0.486	233.220	0.377	0.377	236.937	186.598	0.799
Quintay	15°C	1500ppm	0.370	0.300	-0.040	0.089	0.350	440.850	0.326	0.326	326.704	133.914	0.422
Quintay	10°C	500ppm	0.060	0.150	0.000	0.244	0.498	519.440	0.458	0.458	136.010	19.798	0.143
Quintay	15°C	1500ppm	-0.020	0.620	-0.320	0.155	0.634	337.850	0.126	0.126	111.306	8.638	0.072
Quintay	10°C	1500ppm	0.240	0.690	0.440	0.087	0.640	357.770	0.461	0.461	287.112	254.372	0.927
Quintay	15°C	1500ppm	-0.220	0.280	0.550	0.136	0.458	469.910	0.671	0.671	291.732	190.422	0.674
Quintay	15°C	1500ppm	-0.090	-0.210	0.070	0.049	0.308	444.060	0.443	0.443	167.653	145.766	0.864
Quintay	15°C	1500ppm	-0.540	0.100	0.750	0.056	0.616	448.500	0.272	0.272	383.206	199.070	0.532
Quintay	15°C	1500ppm	-1.370	0.420	1.130	0.092	0.576	305.560	0.087	0.087	106.906	14.473	0.131
Quintay	15°C	1500ppm	-0.250	0.820	0.450	0.070	0.640	342.850	0.551	0.551	260.398	31.422	0.129
Quintay	15°C	1500ppm	0.170	-0.280	-0.380	0.092	0.516	434.070	0.323	0.323	335.355	393.647	1.199
Quintay	15°C	500ppm	0.100	0.170	-1.120	0.142	0.424	533.270	0.317	0.317	354.475	152.691	0.444
Quintay	15°C	500ppm	-0.440	0.230	-0.250	0.062	0.302	362.390	0.124	0.124	322.429	105.915	0.354
Quintay	10°C	1500ppm	-1.000	1.070	0.250	0.113	0.432	410.290	0.360	0.360	354.738	324.988	0.964
Quintay	15°C	500ppm	-0.430	0.290	0.380	0.155	0.696	312.140	0.146	0.146	176.976	69.160	0.419
Quintay	15°C	500ppm	-0.020	-0.080	-0.270	0.084	0.632	455.210	0.410	0.410	67.874	5.241	0.071
Quintay	10°C	1500ppm	-3.120	0.620	1.620	0.026	0.422	609.140	0.725	0.725	439.669	231.769	0.543
Quintay	15°C	500ppm	-0.220	0.010	0.680	0.182	0.464	131.930	0.465	0.465	180.824	31.796	0.186
Quintay	15°C	500ppm	-0.400	1.220	-0.150	-0.001	0.500	445.140	0.223	0.223	163.564	49.282	0.310
Quintay	10°C	500ppm	0.340	0.340	0.640	0.145	0.648	207.470	0.324	0.324	178.879	17.140	0.099
Quintay	15°C	500ppm	-0.460	0.600	0.320	0.096	0.716	286.820	0.170	0.170	272.180	298.081	1.115
Quintay	15°C	500ppm	0.290	0.270	0.690	0.023	0.892	612.510	0.498	0.498	281.507	123.140	0.430
Quintay	10°C	1500ppm	0.010	0.770	0.390	0.173	0.702	527.060	0.548	0.548	257.665	31.891	0.125
Quintay	10°C	1500ppm	0.140	-0.040	0.100	0.120	0.468	322.670	0.488	0.488	344.198	226.073	0.675
Quintay	10°C	500ppm	-0.190	0.110	0.220	0.033	0.346	225.470	0.539	0.539	315.878	96.247	0.318
Quintay	15°C	500ppm	-0.860	-0.310	1.320	0.122	0.390	425.580	0.366	0.366	170.089	11.180	0.065
Quintay	10°C	1500ppm	-3.190	0.400	0.620	0.107	0.490	409.070	0.066	0.066	150.889	9.930	0.065
Quintay	15°C	500ppm	1.590	0.190	1.660	-0.083	0.358	180.070	0.254	0.254	121.467	9.759	0.077
Quintay	10°C	500ppm	-0.040	-0.090	0.150	0.230	0.582	415.520	0.206	0.206	297.927	74.285	0.268
Quintay	10°C	500ppm	0.220	0.100	0.590	0.107	0.584	536.080	0.216	0.216	354.755	426.934	1.234
Quintay	10°C	1500ppm	-0.070	-0.090	0.380	0.090	0.540	156.060	0.594	0.594	380.575	121.267	0.332
Quintay	10°C	1500ppm	0.150	-0.160	0.830	0.196	0.414	600.960	0.399	0.399	353.596	251.485	0.734
Quintay	10°C	500ppm	-0.130	0.480	0.330	0.115	0.350	328.480	0.533	0.533	200.004	32.638	0.167
Quintay	15°C	500ppm	-0.650	-0.240	0.570	0.079	0.684	665.390	0.409	0.409	234.048	19.768	0.083
Quintay	10°C	1500ppm	-0.230	-0.320	1.680	0.095	0.612	184.550	0.209	0.209	300.516	311.241	1.060
Quintay	10°C	1500ppm	-0.460	0.360	-0.010	0.057	0.392	515.290	0.532	0.532	244.819	31.645	0.132
Quintay	15°C	1500ppm	0.100	-0.450	-0.570	0.190	0.622	792.760	0.376	0.376	261.306	65.320	0.258
Quintay	15°C	1500ppm	-0.090	-0.310	-0.100	0.183	0.498	293.450	0.158	0.158	114.634	10.588	0.087
Quintay	15°C	500ppm	0.230	0.380	0.400	0.205	0.626	768.310	0.642	0.642	459.541	68.646	0.154
Quintay	15°C	1500ppm	-0.620	0.240	0.570	0.076	0.594	489.290	0.319	0.319	321.114	220.251	0.709
Quintay	15°C	500ppm	0.030	0.780	0.250	0.090	0.504	225.860	0.399	0.399	306.132	276.060	0.910
Quintay	15°C	500ppm	-0.050	0.250	-0.260	0.101	0.578	239.840	0.537	0.537	403.223	286.551	0.739
Quintay	15°C	1500ppm	-0.160	0.030	0.320	0.158	0.410	581.250	0.314	0.314	343.320	198.014	0.600
Quintay	15°C	500ppm	0.270	0.500	0.110	0.302	0.676	410.380	0.286	0.286	396.484	389.777	1.004
Quintay	10°C	1500ppm	0.090	-0.040	-0.110	0.183	0.598	203.980	0.667	0.667	605.113	437.454	0.741
Quintay	10°C	500ppm	0.290	0.250	0.520	0.068	0.422	97.259	0.417	0.417	255.007	33.642	0.140
Quintay	15°C	500ppm	-0.200	0.820	0.590	0.092	0.554	266.960	0.606	0.606	301.877	63.904	0.219
Quintay	10°C	500ppm	-0.130	0.450	0.500	0.106	0.342	298.340	0.335	0.335	187.935	38.598	0.206
Quintay	15°C	1500ppm	-0.120	0.410	0.400	0.105	0.352	281.840	0.316	0.316	221.372	15.237	0.071
Quintay	15°C	1500ppm	0.450	0.570	-0.180	0.051	0.400	337.580	0.270	0.270	249.307	59.863	0.248
Quintay	10°C	1500ppm	-0.040	-0.200	0.250	0.130	0.630	134.370	0.160	0.160	256.409	320.728	1.279
Quintay	15°C	500ppm	-0.420	-0.010	0.370	0.121	0.644	287.190	0.356	0.356	90.746	6.774	0.070
Quintay	10°C	500ppm	-0.150	0.750	-0.060	0.247	0.656	369.220	0.480	0.480	427.627	199.657	0.482
Quintay	10°C	1500ppm	-0.170	0.410	0.290	0.033	0.824	293.350	0.784	0.784	262.057	117.153	0.451
Quintay	15°C	500ppm	0.280	-0.160	-0.060	0.111	0.394	421.670	0.655	0.655	335.360	204.014	0.628
Quintay	10°C	1500ppm	-0.430	0.340	0.310	0.160	0.542	544.090	0.492	0.492	77.335	8.017	0.074
Quintay	15°C	1500ppm	0.060	0.330	-0.090	0.249	0.776	708.070	0.458	0.458	216.532	16.863	0.079
Quintay	10°C	1500ppm	0.030	-0.370	0.550	0.129	0.624	699.200	0.608	0.608	300.905	62.055	0.211
Quintay	15°C	500ppm	-0.030	0.860	0.510	0.104	0.500	427.110	0.436	0.436	360.995	147.740	0.422
Quintay	15°C	500ppm	0.010	0.450	-0.230	0.151	0.406	204.150	0.349	0.349	141.693	12.520	0.086
Quintay	10°C	1500ppm	-3.160	2.480	2.390	0.183	0.590	628.000	0.344	0.344	286.893	281.388	1.016
Quintay	15°C	1500ppm	-0.120	0.540	0.540	0.103	0.754	590.320	0.312	0.312	277.735	125.304	0.460
Quintay	10°C	500ppm	-0.130	-0.250	0.050	0.048	0.282	360.260	0.317	0.317	597.919	134.532	0.236
Quintay	10°C	1500ppm	-0.020	-0.060	-0.370	0.140	0.658	260.770	0.075	0.075	177.238	34.064	0.191
Quintay	10°C	500ppm	-0.100	0.010	0.200	0.391	0.710	473.820	0.462	0.462	138.864	9.042	0.064
Quintay	15°C	500ppm	-0.180	-0.380	0.280	0.181	0.438	452.130	0.732	0.732	353.837	305.966	0.873
Quintay	10°C	500ppm	0.020	1.210	0.080	0.152	0.434	228.990	0.485	0.485	148.784	167.872	1.158
Quintay	10°C	1500ppm	0.520	1.320	0.890	0.169	0.498	579.200	0.373	0.373	221.439	79.505	0.367
Quintay	15°C	500ppm	0.170	0.510	0.010	0.021	0.392	410.240	0.421	0.421	378.811	275.843	0.788
Quintay	15°C	1500ppm	0.080	1.200	-0.400	0.060	0.334	312.580	0.164	0.164	91.632	17.456	0.186
Quintay	15°C	500ppm	0.300	0.480	0.230	-0.037	0.730	563.650	0.099	0.099	439.214	330.097	0.792
Quintay	15°C	500ppm	-0.920	0.340	1.030	0.289	0.426	96.257	0.471	0.471	395.452	267.528	0.704
Quintay	15°C	500ppm	0.480	1.130	-0.260	0.076	0.422	452.850	0.263	0.263	140.287	14.522	0.096
Quintay	10°C	500ppm	0.070	0.520	-0.330	0.035	0.548	389.680	0.143	0.143	319.576	325.778	1.052
Quintay	10°C	500ppm	-0.010	-0.270	-0.220	0.126	0.468	325.320	0.288	0.288	126.012	173.937	1.410
Quintay	10°C	500ppm	-0.550	0.210	0.710	0.215	0.562	493.760	0.544	0.544	149.158	33.418	0.220
Quintay	15°C	1500ppm	-0.430	0.160	0.390	0.138	0.466	265.330	0.459	0.459	301.635	81.204	0.274
Quintay	15°C	1500ppm	0.230	0.450	0.410	0.120	0.688	433.190	0.168	0.168	136.583	5.097	0.033
Quintay	10°C	500ppm	0.330	0.080	0.570	0.057	0.470	362.670	0.438	0.438	479.450	199.096	0.435
Quintay	10°C	1500ppm	-0.480	1.110	-0.470	0.069	0.446	669.080	0.512	0.512	271.842	102.100	0.397
Quintay	15°C	1500ppm	0.060	1.250	0.610	0.066	0.366	275.120	0.217	0.217	138.628	30.332	0.201
Quintay	10°C	500ppm	0.000	0.440	0.750	0.103	0.332	439.870	0.115	0.115	296.029	313.003	1.093
Quintay	10°C	500ppm	-0.520	0.180	0.520	0.163	0.702	149.710	0.239	0.239	53.672	16.237	0.292
Chiloe	10°C	500ppm	0.400	0.210	0.020	0.001	0.322	159.172	0.127	0.127	533.752	38.240	0.074
Chiloe	10°C	500ppm	0.040	-0.280	0.170	0.007	0.418	391.080	0.224	0.224	429.905	84.165	0.201
Chiloe	10°C	500ppm	0.070	0.530	0.030	0.022	0.312	467.655	0.092	0.092	535.589	39.705	0.076
Chiloe	10°C	500ppm	0.060	0.390	0.610	0.013	0.224	524.610	0.061	0.061	645.202	88.041	0.141
Chiloe	10°C	500ppm	0.220	0.280	0.080	0.006	0.292	177.391	0.078	0.078	414.029	78.796	0.190
Chiloe	10°C	500ppm	0.030	0.370	0.070	0.014	0.278	694.028	0.067	0.067	274.336	21.633	0.081
Chiloe	10°C	500ppm	0.060	0.150	0.570	0.002	0.372	293.081	0.126	0.126	659.626	114.785	0.180
Chiloe	10°C	500ppm	0.000	0.040	0.020	0.007	0.250	236.579	0.156	0.156	874.893	166.048	0.195
Chiloe	10°C	500ppm	0.130	0.590	0.640	0.019	0.192	396.523	0.092	0.092	574.794	78.503	0.144
Chiloe	10°C	500ppm	0.130	0.210	1.010	-0.003	0.352	389.717	0.069	0.069	364.872	25.154	0.073
Chiloe	10°C	500ppm	0.350	0.460	1.120	0.006	0.198	287.862	0.074	0.074	473.241	70.751	0.155
Chiloe	10°C	500ppm	0.130	0.300	0.840	0.007	0.464	496.613	0.044	0.044	310.392	39.058	0.125
Chiloe	10°C	500ppm	0.050	0.120	0.280	0.005	0.244	258.254	0.103	0.103	418.928	28.856	0.072
Chiloe	10°C	500ppm	0.000	0.450	-1.740	0.000	0.296	234.871	0.078	0.078	135.600	9.892	0.074
Chiloe	10°C	500ppm	0.030	-0.180	0.360	-0.010	0.390	248.063	0.135	0.135	301.047	42.050	0.136
Chiloe	10°C	500ppm	0.390	0.630	0.150	0.008	0.398	588.795	0.202	0.202	358.504	31.020	0.090
Chiloe	10°C	500ppm	0.100	0.390	0.800	0.006	0.242	406.699	0.117	0.117	656.565	107.107	0.173
Chiloe	10°C	500ppm	0.250	1.260	0.480	0.002	0.218	433.943	0.090	0.090	502.004	86.219	0.176
Chiloe	10°C	500ppm	0.130	0.290	1.080	0.013	0.254	209.310	0.042	0.042	125.821	12.344	0.101
Chiloe	10°C	500ppm	0.000	0.910	0.590	0.021	0.222	137.480	0.074	0.074	243.775	20.218	0.086
Chiloe	10°C	500ppm	0.060	0.290	0.230	0.010	0.318	411.968	0.066	0.066	156.765	19.849	0.129
Chiloe	10°C	500ppm	0.100	0.170	0.550	0.015	0.384	460.794	0.121	0.121	796.044	82.046	0.113
Chiloe	10°C	500ppm	0.060	0.630	0.030	0.290	0.416	379.222	0.145	0.145	653.411	117.322	0.175
Chiloe	10°C	500ppm	0.230	1.090	0.720	0.004	0.288	347.210	0.190	0.190	382.445	41.892	0.113
Chiloe	10°C	500ppm	0.100	0.940	0.930	0.053	0.384	510.934	0.100	0.100	116.344	12.065	0.112
Chiloe	10°C	500ppm	0.050	0.370	0.670	0.009	0.298	214.011	0.079	0.079	374.637	19.423	0.052
Chiloe	10°C	500ppm	0.120	0.740	0.530	-0.001	0.212	315.210	0.063	0.063	299.319	19.564	0.068
Chiloe	10°C	500ppm	0.110	0.560	0.290	0.009	0.258	507.531	0.079	0.079	172.575	31.819	0.185
Chiloe	10°C	1500ppm	-0.170	0.200	0.170	0.005	0.354	270.290	0.073	0.073	549.684	63.642	0.121
Chiloe	10°C	1500ppm	0.170	0.570	-0.250	0.007	0.280	250.825	0.170	0.170	781.713	123.300	0.163
Chiloe	10°C	1500ppm	0.060	0.020	0.370	0.011	0.268	241.769	0.138	0.138	784.074	194.962	0.254
Chiloe	10°C	1500ppm	0.160	1.150	0.690	0.006	0.252	261.269	0.118	0.118	276.854	19.743	0.074
Chiloe	10°C	1500ppm	0.110	0.310	0.510	-0.008	0.248	285.178	0.096	0.096	521.912	71.153	0.141
Chiloe	10°C	1500ppm	0.090	0.870	0.140	0.014	0.222	402.160	0.056	0.056	204.342	17.004	0.088
Chiloe	10°C	1500ppm	0.110	-0.150	0.060	0.001	0.292	258.027	0.116	0.116	226.193	24.681	0.116
Chiloe	10°C	1500ppm	0.110	0.360	0.660	0.006	0.326	173.543	0.184	0.184	344.596	27.872	0.083
Chiloe	10°C	1500ppm	0.120	0.890	0.470	0.010	0.236	293.203	0.136	0.136	367.197	28.305	0.083
Chiloe	10°C	1500ppm	0.030	0.190	0.670	0.002	0.190	244.052	0.086	0.086	314.192	28.270	0.095
Chiloe	10°C	1500ppm	0.070	0.170	0.880	0.005	0.266	388.322	0.032	0.032	407.069	95.766	0.237
Chiloe	10°C	1500ppm	0.130	0.260	0.430	0.010	0.254	454.116	0.078	0.078	251.114	16.529	0.069
Chiloe	10°C	1500ppm	0.010	0.220	0.470	-0.013	0.380	394.899	0.176	0.176	377.104	33.224	0.090
Chiloe	10°C	1500ppm	0.000	0.210	0.500	-0.003	0.270	240.923	0.136	0.136	478.654	60.656	0.131
Chiloe	10°C	1500ppm	0.030	1.250	0.540	0.001	0.456	234.325	0.100	0.100	184.685	18.857	0.110
Chiloe	10°C	1500ppm	0.150	0.450	0.380	0.000	0.262	346.146	0.092	0.092	560.918	55.319	0.102
Chiloe	10°C	1500ppm	0.030	0.530	0.500	0.001	0.214	363.943	0.065	0.065	716.742	125.176	0.185
Chiloe	10°C	1500ppm	0.030	0.230	0.540	0.001	0.294	360.671	0.111	0.111	253.998	28.225	0.113
Chiloe	10°C	1500ppm	0.010	0.020	0.140	0.002	0.380	346.479	0.073	0.073	500.522	37.520	0.078
Chiloe	10°C	1500ppm	0.100	0.150	0.190	-0.276	0.370	402.207	0.132	0.132	852.795	91.417	0.114
Chiloe	10°C	1500ppm	0.050	0.260	0.630	0.005	0.326	500.092	0.178	0.178	914.257	119.300	0.135
Chiloe	10°C	1500ppm	0.030	0.160	0.190	-0.002	0.294	316.955	0.083	0.083	690.310	137.102	0.207
Chiloe	10°C	1500ppm	0.090	0.260	0.340	0.012	0.268	457.828	0.059	0.059	572.008	118.967	0.219
Chiloe	10°C	1500ppm	0.090	0.320	0.450	0.003	0.278	194.680	0.079	0.079	417.942	43.517	0.109
Chiloe	10°C	1500ppm	0.100	0.670	0.020	0.003	0.480	274.937	0.066	0.066	263.259	25.080	0.097
Chiloe	10°C	1500ppm	0.140	1.170	0.960	0.012	0.268	209.439	0.097	0.097	861.853	172.443	0.208
Chiloe	15°C	500ppm	0.130	0.170	0.350	0.001	0.326	383.891	0.120	0.120	127.302	9.677	0.082
Chiloe	15°C	500ppm	0.050	0.060	0.820	0.011	0.380	379.078	0.172	0.172	807.784	134.056	0.175
Chiloe	15°C	500ppm	0.040	0.320	0.790	0.011	0.288	510.025	0.142	0.142	448.209	76.578	0.181
Chiloe	15°C	500ppm	0.300	0.130	0.750	0.012	0.236	405.207	0.096	0.096	803.983	170.501	0.204
Chiloe	15°C	500ppm	0.460	1.190	1.180	0.021	0.256	289.424	0.069	0.069	566.051	120.352	0.231
Chiloe	15°C	500ppm	0.070	0.360	0.750	0.014	0.252	657.482	0.089	0.089	379.552	78.519	0.216
Chiloe	15°C	500ppm	0.160	0.440	0.220	0.021	0.332	435.044	0.080	0.080	346.015	40.954	0.121
Chiloe	15°C	500ppm	-1.060	0.790	0.180	0.009	0.338	228.242	0.115	0.115	397.703	48.505	0.123
Chiloe	15°C	500ppm	0.400	0.490	0.630	0.028	0.290	342.687	0.060	0.060	766.364	153.057	0.212
Chiloe	15°C	500ppm	0.360	0.770	0.560	0.025	0.324	321.446	0.123	0.123	380.364	33.593	0.092
Chiloe	15°C	500ppm	0.040	0.210	0.640	0.006	0.408	314.753	0.149	0.149	483.506	99.711	0.219
Chiloe	15°C	500ppm	0.260	0.930	0.880	0.018	0.292	888.740	0.171	0.171	942.798	235.660	0.256
Chiloe	15°C	500ppm	0.140	1.000	0.230	0.014	0.408	283.126	0.098	0.098	249.200	23.561	0.098
Chiloe	15°C	500ppm	0.820	0.750	1.020	0.016	0.242	385.050	0.089	0.089	814.614	111.227	0.150
Chiloe	15°C	500ppm	0.030	0.130	1.290	0.001	0.366	312.300	0.058	0.058	702.416	119.555	0.172
Chiloe	15°C	500ppm	-0.400	0.590	0.960	0.020	0.260	299.517	0.075	0.075	538.937	51.715	0.097
Chiloe	15°C	500ppm	0.110	0.980	0.640	0.024	0.360	209.542	0.073	0.073	198.874	14.662	0.077
Chiloe	15°C	500ppm	0.340	1.120	0.850	0.013	0.372	630.806	0.171	0.171	604.244	63.171	0.107
Chiloe	15°C	500ppm	0.220	1.250	0.690	0.017	0.312	418.291	0.134	0.134	507.324	114.085	0.229
Chiloe	15°C	500ppm	0.690	0.450	1.450	0.019	0.244	350.885	0.114	0.114	309.373	28.674	0.091
Chiloe	15°C	500ppm	0.870	1.190	0.820	0.033	0.202	254.748	0.065	0.065	804.899	160.367	0.207
Chiloe	15°C	500ppm	0.280	0.430	0.570	0.014	0.258	244.542	0.094	0.094	734.648	113.563	0.162
Chiloe	15°C	500ppm	0.390	0.620	0.840	0.021	0.418	287.281	0.076	0.076	618.692	152.623	0.255
Chiloe	15°C	500ppm	0.130	0.870	0.550	0.009	0.306	489.964	0.145	0.145	410.885	58.822	0.147
Chiloe	15°C	500ppm	0.050	0.190	0.860	0.018	0.324	414.339	0.089	0.089	684.542	138.134	0.197
Chiloe	15°C	500ppm	-0.010	0.270	0.050	0.009	0.410	550.990	0.110	0.110	533.945	44.876	0.087
Chiloe	15°C	500ppm	0.260	0.150	0.710	0.009	0.308	668.056	0.135	0.135	786.220	194.255	0.254
Chiloe	15°C	500ppm	0.810	0.380	0.350	0.001	0.278	267.953	0.077	0.077	576.217	52.381	0.099
Chiloe	15°C	500ppm	0.530	0.910	0.770	0.010	0.296	306.071	0.044	0.044	194.491	15.727	0.083
Chiloe	15°C	500ppm	0.710	0.850	1.490	0.028	0.230	330.738	0.095	0.095	280.642	38.777	0.139
Chiloe	15°C	500ppm	0.130	0.140	0.670	0.008	0.330	434.367	0.073	0.073	282.258	56.000	0.201
Chiloe	15°C	1500ppm	0.040	-0.510	0.120	0.014	0.426	251.823	0.089	0.089	474.802	39.128	0.085
Chiloe	15°C	1500ppm	0.260	0.190	0.530	0.020	0.226	410.236	0.159	0.159	473.954	51.889	0.111
Chiloe	15°C	1500ppm	0.300	0.330	0.170	0.023	0.354	211.276	0.100	0.100	174.261	24.279	0.144
Chiloe	15°C	1500ppm	0.420	0.200	0.320	0.010	0.270	466.327	0.135	0.135	693.612	180.252	0.263
Chiloe	15°C	1500ppm	0.310	0.130	0.700	0.022	0.264	330.437	0.076	0.076	722.718	189.666	0.267
Chiloe	15°C	1500ppm	0.610	0.890	0.970	0.025	0.230	85.586	0.070	0.070	742.694	96.442	0.134
Chiloe	15°C	1500ppm	0.110	0.330	0.590	0.012	0.302	340.523	0.052	0.052	147.346	10.773	0.074
Chiloe	15°C	1500ppm	0.440	0.220	1.470	0.019	0.270	213.649	0.107	0.107	275.605	16.236	0.060
Chiloe	15°C	1500ppm	0.050	-0.090	0.300	0.024	0.318	380.893	0.090	0.090	447.079	47.758	0.114
Chiloe	15°C	1500ppm	0.320	0.040	0.030	-0.001	0.482	494.533	0.158	0.158	1142.803	264.749	0.236
Chiloe	15°C	1500ppm	0.130	0.350	0.550	0.003	0.266	284.215	0.130	0.130	590.794	76.775	0.132
Chiloe	15°C	1500ppm	0.120	0.320	0.280	0.005	0.270	451.643	0.071	0.071	74.006	6.109	0.088
Chiloe	15°C	1500ppm	0.490	0.370	0.370	0.026	0.276	288.279	0.084	0.084	469.845	130.687	0.286
Chiloe	15°C	1500ppm	0.440	0.730	0.190	0.013	0.210	290.208	0.101	0.101	169.277	19.840	0.113
Chiloe	15°C	1500ppm	0.280	0.320	1.030	0.021	0.294	409.387	0.051	0.051	315.012	36.209	0.117
Chiloe	15°C	1500ppm	0.080	0.460	0.520	0.008	0.384	441.960	0.108	0.108	355.435	45.202	0.130
Chiloe	15°C	1500ppm	0.040	0.170	0.720	0.013	0.426	351.198	0.132	0.132	793.949	138.848	0.181
Chiloe	15°C	1500ppm	0.180	0.580	0.530	0.016	0.430	354.005	0.153	0.153	695.001	130.941	0.195
Chiloe	15°C	1500ppm	0.410	0.470	0.220	-0.037	0.300	268.693	0.103	0.103	1038.032	259.033	0.258
Chiloe	15°C	1500ppm	0.310	0.140	0.490	0.011	0.312	693.489	0.046	0.046	168.018	8.045	0.049
Chiloe	15°C	1500ppm	0.170	0.400	0.610	-0.051	0.260	100.972	0.080	0.080	94.772	10.827	0.118
Chiloe	15°C	1500ppm	0.170	0.830	0.340	0.008	0.298	385.408	0.044	0.044	150.942	8.327	0.056
Chiloe	15°C	1500ppm	0.090	-2.964	0.350	0.018	0.330	432.890	0.067	0.067	242.724	20.695	0.090
Chiloe	15°C	1500ppm	0.140	0.120	0.120	0.030	0.370	269.730	0.133	0.133	497.710	93.565	0.195
Chiloe	15°C	1500ppm	0.280	0.220	0.440	0.006	0.306	365.471	0.163	0.163	741.048	127.238	0.185
Chiloe	15°C	1500ppm	0.270	1.040	0.400	0.012	0.248	213.257	0.104	0.104	369.973	70.390	0.203
Chiloe	15°C	1500ppm	0.220	0.150	0.350	0.006	0.396	192.879	0.043	0.043	174.719	13.605	0.084
Chiloe	15°C	1500ppm	0.100	0.320	0.440	0.017	0.314	244.757	0.090	0.090	741.222	145.909	0.205
Chiloe	15°C	1500ppm	0.080	0.490	0.850	0.008	0.340	280.533	0.086	0.086	314.020	24.947	0.082
Talcaruca	10°C	500ppm	0.210	2.530	1.290	0.021	0.382	332.857	0.064	0.064	626.034	141.850	0.242
Talcaruca	10°C	500ppm	0.100	1.940	0.720	0.038	0.366	360.673	0.249	0.249	921.492	264.417	0.305
Talcaruca	10°C	500ppm	0.020	0.860	0.340	-0.008	0.326	257.519	0.183	0.183	857.354	102.957	0.119
Talcaruca	10°C	500ppm	-0.020	0.780	0.290	-0.143	0.332	100.957	0.182	0.182	905.673	772.265	0.876
Talcaruca	10°C	1500ppm	0.200	1.580	0.340	0.045	0.336	309.172	0.154	0.154	275.937	12.576	0.047
Talcaruca	10°C	1500ppm	0.850	0.870	-0.460	-0.018	0.338	244.701	0.157	0.157	795.999	139.437	0.183
Talcaruca	15°C	500ppm	0.910	1.940	0.240	0.066	0.372	316.378	0.171	0.171	915.652	444.292	0.502
Talcaruca	15°C	500ppm	0.280	1.220	0.240	0.043	0.304	201.883	0.211	0.211	1079.212	447.259	0.432
Talcaruca	15°C	500ppm	0.190	1.560	0.220	0.028	0.350	483.337	0.199	0.199	558.269	58.465	0.107
Talcaruca	15°C	1500ppm	0.410	0.580	1.430	0.042	0.334	313.376	0.179	0.179	348.793	48.304	0.134
Talcaruca	15°C	1500ppm	0.120	1.190	0.330	0.028	0.306	250.955	0.164	0.164	451.316	66.256	0.150
Talcaruca	15°C	1500ppm	0.070	1.110	0.900	0.037	0.366	204.474	0.152	0.152	727.015	377.779	0.537
Talcaruca	15°C	1500ppm	0.200	0.390	0.560	0.032	0.384	439.268	0.186	0.186	873.113	363.645	0.440
Talcaruca	10°C	500ppm	0.100	0.080	5.040	8.027	0.388	302.391	0.252	0.252	853.110	133.000	0.161
Talcaruca	10°C	500ppm	-0.060	1.000	4.580	0.054	0.312	298.882	0.144	0.144	582.496	105.473	0.193
Talcaruca	10°C	500ppm	0.220	0.020	4.350	0.010	0.270	330.641	0.085	0.085	367.372	12.885	0.032
Talcaruca	10°C	500ppm	0.190	0.150	4.660	0.140	0.312	228.107	0.088	0.088	719.487	420.366	0.590
Talcaruca	10°C	1500ppm	0.060	1.030	4.640	0.003	0.348	288.838	0.107	0.107	467.696	75.595	0.168
Talcaruca	10°C	1500ppm	0.210	0.110	5.580	0.035	0.324	323.306	0.106	0.106	513.350	37.863	0.076
Talcaruca	10°C	1500ppm	0.170	0.010	4.350	0.007	0.292	258.761	0.127	0.127	382.085	23.566	0.059
Talcaruca	10°C	1500ppm	0.020	1.260	4.640	0.018	0.288	215.913	0.108	0.108	520.538	63.993	0.128
Talcaruca	15°C	500ppm	0.420	0.260	5.220	0.003	0.304	165.102	0.095	0.095	293.540	15.733	0.047
Talcaruca	15°C	500ppm	0.610	1.750	5.340	0.048	0.266	264.587	0.092	0.092	770.229	81.762	0.110
Talcaruca	15°C	500ppm	0.330	0.320	3.870	0.006	0.300	318.785	0.130	0.130	649.843	57.423	0.090
Talcaruca	15°C	500ppm	0.250	0.280	5.540	0.039	0.296	362.142	0.087	0.087	430.960	63.087	0.151
Talcaruca	15°C	1500ppm	0.260	-0.370	5.250	0.017	0.294	279.987	0.125	0.125	461.247	44.580	0.100
Talcaruca	15°C	1500ppm	0.210	0.590	4.250	0.040	0.282	420.229	0.118	0.118	979.617	645.239	0.681
Talcaruca	15°C	1500ppm	0.160	1.290	5.040	-0.006	0.318	228.697	0.094	0.094	374.450	71.187	0.196
Talcaruca	15°C	1500ppm	0.350	1.030	4.720	0.032	0.288	327.131	0.122	0.122	498.714	63.856	0.134
Talcaruca	10°C	500ppm	0.070	0.600	0.520	0.029	0.328	309.138	0.108	0.108	496.365	78.185	0.164
Talcaruca	10°C	500ppm	0.140	1.540	1.180	0.023	0.300	349.710	0.088	0.088	421.215	33.033	0.079
Talcaruca	10°C	500ppm	1.770	4.920	1.900	0.007	0.266	90.080	0.076	0.076	510.373	30.369	0.060
Talcaruca	10°C	1500ppm	0.090	0.840	0.370	0.035	0.234	194.583	0.088	0.088	432.326	87.727	0.205
Talcaruca	10°C	1500ppm	0.050	0.510	0.130	0.000	0.298	334.702	0.074	0.074	261.197	14.639	0.055
Talcaruca	10°C	1500ppm	0.060	0.530	0.010	0.026	0.310	206.291	0.062	0.062	296.908	61.370	0.198
Talcaruca	10°C	1500ppm	0.360	0.430	0.420	0.023	0.264	225.894	0.072	0.072	138.904	14.618	0.103
Talcaruca	15°C	500ppm	0.270	0.150	0.940	0.060	0.302	203.480	0.086	0.086	427.562	49.168	0.116
Talcaruca	15°C	500ppm	0.060	0.450	0.230	0.032	0.304	309.093	0.068	0.068	406.797	45.366	0.116
Talcaruca	15°C	500ppm	0.060	1.190	0.100	0.005	0.286	349.461	0.082	0.082	308.560	28.364	0.091
Talcaruca	15°C	1500ppm	0.190	1.480	0.490	0.010	0.316	389.663	0.077	0.077	359.637	45.620	0.121
Talcaruca	15°C	1500ppm	0.170	0.130	0.390	0.019	0.304	480.459	0.097	0.097	608.598	113.512	0.182
Talcaruca	15°C	1500ppm	0.650	0.110	0.090	-0.007	0.304	60.237	0.144	0.144	639.092	64.119	0.104
Talcaruca	15°C	1500ppm	0.070	0.170	0.240	0.058	0.296	516.294	0.124	0.124	434.097	26.488	0.060
Talcaruca	10°C	500ppm	0.010	0.320	0.090	0.028	0.304	441.865	0.114	0.114	540.536	72.526	0.138
Talcaruca	10°C	500ppm	-0.520	1.180	0.060	0.032	0.270	222.517	0.055	0.055	336.091	27.837	0.082
Talcaruca	10°C	500ppm	0.620	0.560	-0.030	0.020	0.326	231.167	0.047	0.047	314.918	21.688	0.068
Talcaruca	10°C	500ppm	0.090	0.370	0.140	0.039	0.312	347.742	0.056	0.056	189.493	10.468	0.053
Talcaruca	10°C	1500ppm	0.400	0.140	0.020	0.029	0.260	278.415	0.076	0.076	686.831	132.422	0.203
Talcaruca	10°C	1500ppm	0.120	0.990	0.400	0.033	0.296	207.756	0.072	0.072	451.684	53.515	0.118
Talcaruca	10°C	1500ppm	0.510	0.590	0.980	0.023	0.250	426.664	0.081	0.081	768.998	65.822	0.089
Talcaruca	10°C	1500ppm	0.360	0.900	-0.180	0.017	0.302	19.024	0.062	0.062	364.719	25.621	0.072
Talcaruca	15°C	500ppm	0.460	0.680	0.300	0.014	0.300	387.812	0.058	0.058	555.284	40.093	0.076
Talcaruca	15°C	500ppm	0.050	0.350	0.570	0.022	0.292	394.585	0.035	0.035	181.533	14.411	0.078
Talcaruca	15°C	1500ppm	0.930	1.070	0.220	0.014	0.260	281.803	0.053	0.053	677.642	81.210	0.126
Talcaruca	15°C	1500ppm	0.120	1.240	-0.340	0.001	0.274	193.240	0.042	0.042	517.628	85.760	0.171
Talcaruca	15°C	1500ppm	0.290	0.260	0.280	0.008	0.210	48.362	0.041	0.041	667.357	287.349	0.452
Talcaruca	15°C	1500ppm	0.220	-0.080	0.680	0.006	0.290	390.246	0.031	0.031	372.028	41.749	0.115
Talcaruca	10°C	500ppm	0.250	0.660	0.090	0.039	0.320	231.342	0.034	0.034	282.353	12.938	0.047
Talcaruca	10°C	500ppm	0.030	0.240	0.480	0.052	0.372	443.422	0.207	0.207	549.324	31.293	0.059
Talcaruca	10°C	500ppm	-1.550	0.260	-0.120	0.048	0.374	223.005	0.262	0.262	1166.452	147.559	0.130
Talcaruca	10°C	500ppm	0.610	0.820	0.040	0.041	0.328	326.143	0.296	0.296	1520.651	306.902	0.207
Talcaruca	10°C	1500ppm	0.210	1.650	0.090	0.029	0.286	267.390	0.264	0.264	782.995	78.396	0.102
Talcaruca	10°C	1500ppm	2.050	1.900	0.300	0.061	0.302	248.117	0.179	0.179	455.625	32.911	0.075
Talcaruca	10°C	1500ppm	0.100	0.170	0.380	-0.010	0.362	324.986	0.236	0.236	671.939	72.804	0.111
Talcaruca	10°C	1500ppm	0.530	0.770	1.210	0.026	0.306	211.211	0.221	0.221	637.487	116.181	0.189
Talcaruca	15°C	500ppm	0.590	0.520	0.150	0.043	0.374	282.189	0.207	0.207	918.273	226.376	0.255
Talcaruca	15°C	500ppm	0.210	0.070	0.280	0.032	0.348	161.985	0.268	0.268	792.413	99.661	0.129
Talcaruca	15°C	500ppm	2.610	2.060	2.240	-0.055	0.444	625.025	0.219	0.219	439.835	47.503	0.112
Talcaruca	15°C	500ppm	2.610	0.220	1.580	0.049	0.392	280.120	0.265	0.265	626.846	66.969	0.108
Talcaruca	15°C	1500ppm	0.260	-0.190	1.500	0.362	0.390	395.150	0.241	0.241	513.966	60.161	0.122
Talcaruca	15°C	1500ppm	0.130	1.810	1.190	-0.032	0.356	561.701	0.214	0.214	512.570	49.326	0.095
Talcaruca	10°C	500ppm	0.110	0.390	0.350	-0.004	0.306	485.285	0.256	0.256	487.158	61.247	0.124
Talcaruca	10°C	500ppm	0.060	0.540	0.370	0.031	0.326	501.576	0.109	0.109	461.459	413.374	0.923
Talcaruca	10°C	500ppm	0.060	1.360	-0.340	0.013	0.354	331.445	0.137	0.137	642.897	161.843	0.262
Talcaruca	10°C	500ppm	-0.040	-0.010	0.850	0.012	0.296	207.067	0.114	0.114	735.033	412.243	0.583
Talcaruca	10°C	1500ppm	0.180	0.170	0.100	0.029	0.284	225.619	0.087	0.087	911.451	108.122	0.121
Talcaruca	10°C	1500ppm	0.250	1.120	1.710	0.072	0.330	226.314	0.105	0.105	289.823	26.627	0.091
Talcaruca	10°C	1500ppm	0.320	1.570	0.080	0.012	0.264	432.066	0.138	0.138	495.056	35.359	0.074
Talcaruca	10°C	1500ppm	0.870	2.230	0.300	0.034	0.278	290.834	0.113	0.113	536.544	60.323	0.114
Talcaruca	15°C	500ppm	0.290	0.870	0.160	0.046	0.276	194.011	0.127	0.127	746.078	80.792	0.115
Talcaruca	15°C	500ppm	0.280	0.880	0.160	0.049	0.334	214.559	0.096	0.096	607.477	92.458	0.159
Talcaruca	15°C	500ppm	0.170	0.340	0.210	0.024	0.336	355.478	0.103	0.103	468.002	25.608	0.056
Talcaruca	15°C	500ppm	0.060	1.000	0.130	-0.051	0.348	383.992	0.118	0.118	565.860	105.728	0.197
Talcaruca	15°C	1500ppm	0.080	0.940	-0.040	0.011	0.268	322.211	0.097	0.097	459.097	41.101	0.094
Talcaruca	15°C	1500ppm	0.130	0.250	0.270	0.041	0.314	290.712	0.101	0.101	558.783	72.633	0.129
Talcaruca	15°C	1500ppm	0.260	1.050	0.020	0.010	0.292	245.970	0.110	0.110	848.371	111.006	0.134
Talcaruca	15°C	1500ppm	0.210	1.840	0.590	0.037	0.302	246.134	0.125	0.125	566.190	45.195	0.082
Talcaruca	10°C	500ppm	0.100	0.550	0.050	0.011	0.316	214.114	0.127	0.127	296.078	17.478	0.055
Talcaruca	10°C	500ppm	-0.010	0.500	0.040	0.018	0.356	345.344	0.087	0.087	924.818	195.610	0.222
Talcaruca	10°C	500ppm	-0.010	0.070	0.610	0.006	0.274	353.251	0.091	0.091	811.144	245.654	0.315
Talcaruca	10°C	500ppm	0.100	0.260	0.080	-0.003	0.288	187.197	0.063	0.063	416.097	32.898	0.079
Talcaruca	10°C	1500ppm	0.100	0.210	0.500	0.017	0.264	355.891	0.090	0.090	655.185	219.555	0.348
Talcaruca	10°C	1500ppm	-0.050	0.030	0.660	0.026	0.272	213.580	0.108	0.108	725.107	81.023	0.116
Talcaruca	10°C	1500ppm	0.120	0.680	0.280	0.003	0.226	312.611	0.065	0.065	516.532	29.180	0.057
Talcaruca	10°C	1500ppm	0.160	1.200	0.780	0.013	0.258	233.094	0.071	0.071	166.035	9.968	0.058
Talcaruca	15°C	500ppm	0.280	0.520	0.580	0.021	0.294	224.644	0.082	0.082	395.219	21.884	0.054
Talcaruca	15°C	500ppm	0.400	0.050	1.200	0.057	0.272	267.335	0.076	0.076	305.947	28.097	0.092
Talcaruca	15°C	500ppm	0.060	0.150	0.120	0.006	0.372	457.696	0.141	0.141	950.838	217.786	0.237
Talcaruca	15°C	500ppm	1.570	0.350	1.040	0.067	0.344	304.991	0.146	0.146	602.501	61.750	0.105
Talcaruca	15°C	1500ppm	0.040	0.270	0.340	0.048	0.308	271.049	0.161	0.161	646.312	32.472	0.052
Talcaruca	15°C	1500ppm	1.280	0.900	-0.410	0.011	0.392	207.102	0.143	0.143	260.938	13.181	0.050
Talcaruca	15°C	1500ppm	0.340	0.400	-0.010	0.029	0.280	295.722	0.189	0.189	862.029	154.631	0.187
Talcaruca	15°C	1500ppm	0.070	1.080	0.270	0.029	0.298	202.030	0.101	0.101	820.956	112.834	0.138
Talcaruca	10°C	500ppm	0.310	0.150	0.820	0.021	0.276	389.706	0.151	0.151	695.365	94.682	0.135
Talcaruca	10°C	500ppm	0.420	1.270	0.660	0.002	0.290	431.107	0.061	0.061	421.832	37.209	0.089
Talcaruca	10°C	500ppm	0.290	2.090	-0.260	-0.012	0.292	265.823	0.058	0.058	649.419	59.883	0.096
Talcaruca	10°C	1500ppm	0.230	0.540	1.570	0.014	0.392	335.484	0.054	0.054	261.490	17.261	0.067
Talcaruca	10°C	1500ppm	0.480	0.320	3.080	0.010	0.232	96.253	0.076	0.076	564.242	48.967	0.091
Talcaruca	15°C	500ppm	0.120	-0.010	0.240	0.028	0.336	209.202	0.057	0.057	482.302	39.858	0.086
Talcaruca	15°C	500ppm	0.300	-0.270	0.250	0.019	0.280	112.920	0.052	0.052	527.121	52.591	0.104
Talcaruca	15°C	500ppm	0.310	1.150	0.510	-0.004	0.302	236.665	0.059	0.059	586.430	91.761	0.161
Talcaruca	15°C	1500ppm	0.320	1.110	-0.070	0.012	0.308	379.005	0.065	0.065	386.351	51.897	0.128
Talcaruca	15°C	1500ppm	0.160	0.650	-0.850	0.008	0.272	322.708	0.058	0.058	670.447	123.017	0.191
Talcaruca	15°C	1500ppm	0.080	0.640	0.560	0.022	0.300	375.282	0.060	0.060	283.692	21.698	0.077
Talcaruca	15°C	1500ppm	0.460	0.390	0.630	0.012	0.258	399.509	0.049	0.049	397.928	22.682	0.055
